# Created by Octave 3.6.3, Tue Jan 08 20:12:48 2013 SAST <nickp@macair>
# name: results
# type: matrix
# rows: 20
# columns: 18
 5.630748611362208 6.913602271931465e-05 1.080389675128221 15.13794718620675 70.91495342123987 3.681705920619203 11.6644359236009 8.795598896092072 1.63839796805785 1.756001635797502 0.5097409196868529 1 43.65917317082204 1 0.2684289926842192 4.147580353823805 14.58002727130791 716.3318055830183
 3.508358406072058 0.001807553471107835 1.465681314926582 4.111871441786806 86.54300153590201 0.8772314082139006 5.183720668026108 21.93818128241165 1.023890779794434 1.368349234217845 0.7901157154902906 1 10.48227080486421 1 0.4962385355455492 2.289227721909507 10.81560051673528 79.10635619683922
 18.15142817596467 6.132484057296893e-05 1.011804979603667 16.67580985193933 40.47976056971136 3.712634001144449 11.85403164950251 14.81740860891386 1.570005132241225 1.660473104305437 0.5378558986946678 1 55.10057135859757 1 0.216900437266472 5.413535188548265 11.25645395498454 712.4608624259581
 5.557627417563092 0.0005051466836228114 0.7233384866188366 4.649747359198686 35.87532135491647 0.6993499260966274 4.565912147516086 23.48783411772484 1.051294110662639 1.295639507045281 0.6064889890025288 1 9.997732345770268 1 0.4621380709752985 2.855661441923323 9.879285126912134 151.4044855944594
 5.550687391412288 0.0004962457401173409 0.7219555526427613 4.653748609659719 35.77794014977606 0.6991415400315103 4.555651112714652 23.36487251488279 1.051377921256736 1.293482278868369 0.6068971317170582 1 9.964747475772317 1 0.4627675532818117 2.851424174930422 9.857904403753441 153.1743506463154
 4.961263048101162 0.001405360905038167 1.281726587195779 4.848264477605955 122.7182956734853 0.8714803372911467 6.475122943773699 39.27843072483628 1.039265376049864 1.495017278091826 0.700900421887112 1 15.06205681246656 1 0.4283043712134003 2.954282649361077 14.45952721996402 95.58031593267391
 9.193977139443192 1.698282993779519e-05 0.9925411910475541 20.05871176861901 61.78120284283136 4.059526927942794 30.27381988919145 38.09615611703137 1.460639523282247 1.746497093367948 0.7002407973315178 1 199.6591237230673 1 0.3072947728030677 7.769058435623521 14.84383473228162 1709.248405828992
 1.882187649875471 0.007652710129466905 3.196942890378379 3.25466522758603 108.5002276653068 0.8988555312765431 4.433507973329801 11.38450755177598 0.9776613033414522 1.061673364382427 1.074035538423839 1 6.099390092922881 1 0.6305944326849402 1.491879327077539 7.486461159908627 89.9443229725092
 10.80267469814296 0.0003729872569537803 0.4568030701456792 5.530740421522868 29.87705611321679 0.7150893927292391 5.513839942670573 45.47120571988481 1.128059230606051 1.374952661941864 0.5254302502108905 1 15.6963925360837 1 0.3758215808159475 4.395738865298576 10.89107011047208 185.5887850561689
 3.336235014724794 2.131769283650561e-05 1.155565262986433 19.79461258516998 52.99184191651157 7.195578754743627 26.25053574918301 36.82584966506748 2.530879917650556 2.326286026348368 0.4629192660552091 1 104.4417297314143 1 0.6941539122953014 9.704303218007889 12.9032417040298 1476.375194338887
 1.820854465105599 0.007106159048378509 3.001845617458101 3.175587328835435 86.45124303304743 0.9047873112946889 4.151799533760176 9.884284101884258 0.9800830480256971 1.064685911054869 1.065323620747352 1 5.631409861742413 1 0.6480861353995208 1.49417097798825 6.962679385438643 80.87479434109356
 6.945285393865363 7.400668108838321e-06 1.167520285084089 14.29250534332232 150.0943909601334 2.471259190484655 11.7203701055987 7.1665371962842 1.200418709664332 1.54297323374268 0.6412986221264964 1 30.32524163335134 1 0.2499067728950902 3.992639408419704 16.98901573048076 3418.906728303028
 10.76267080752942 0.0003106042563319356 0.4606830280809787 5.561199380669252 28.16700174515421 0.7234488800342441 5.420841244091932 41.87451427827454 1.137070812984273 1.342751077492268 0.537023831663601 1 15.11313741830024 1 0.3845799280618419 4.397597349711067 10.34544554922877 208.9131754610138
 11.1974994725849 0.0002785983976829802 0.4595538057067614 5.664390404007428 26.88442001390012 0.7384595033141084 5.458868606499691 41.48823240699103 1.152708958297537 1.331062216112939 0.5404269675487324 1 15.35507829089533 1 0.3831700424537057 4.588429386656469 10.03462007596243 227.7071704338079
 10.32462975653905 0.0003510190976916294 0.4704450954796911 5.507851660552065 29.32896789482859 0.7218469679198301 5.445666183672453 42.34247686874323 1.127913481626783 1.362535594446154 0.5332932855503894 1 15.2239663452467 1 0.3837405904291981 4.330857590916036 10.62195777808873 191.8640999404442
 6.879934698951466 1.056578958704449e-05 1.227644662235492 13.79828687219005 133.4228776969467 2.348523442297947 11.31266453780984 7.637055073592507 1.193245728334444 1.539414710550947 0.6336200247130204 1 29.7339798016256 1 0.2547737427294877 4.157412838939957 16.43148015483668 2672.365000967412
 11.48503479965882 0.0003015251056583174 0.442217488151295 5.651650811576781 28.79349880293334 0.7188750893990619 5.51914818230266 45.54888251695178 1.141530421839176 1.350901460670192 0.5288302612811178 1 15.77468192675232 1 0.3753892989011653 4.519619030519042 10.61321156928898 213.0432709310536
 10.96812521576826 0.0003017017154858692 0.4604822768630461 5.584396855647261 27.00354365714215 0.7317526996331484 5.414462146475581 41.27828554669963 1.145433302716315 1.335870326495923 0.5393909872496006 1 15.13165385946032 1 0.3842152358071402 4.490707327120437 10.09484083057568 214.6099764756767
 6.101827747120336 0.008381021070911366 1.2153802796645 7.823999696264702 291.9458862312011 1.830816836052141 9.964564954152756 207.3891914981578 1.223904142961575 2.068780119436184 0.6846830811753577 1 17.9173216504775 1 0.2140383828658966 3.336659307000399 25.32382518458938 101.3659114064461
 7.048179067123034 1.449243816304954e-05 1.243804746638374 13.07504120796727 119.4111567993687 2.017439593683759 10.68044926708155 8.321511804552669 1.178533342754698 1.496460648364221 0.6247330705278337 1 27.4093481418906 1 0.2560222564691794 4.171441669782363 15.84049771042148 2149.105948576372


# name: spread
# type: matrix
# rows: 1
# columns: 18
 7 15 15 16 67 6 20 45 6 2 1 0 36 0 4 16 14 646.9004


