# Created by Octave 3.6.3, Tue Jan 08 20:43:01 2013 SAST <nickp@macair>
# name: results
# type: matrix
# rows: 20
# columns: 13
 0.9874798688654074 0.999993894141624 1.000007004870187 1.02312868016943 0.9716598423880037 0.4780632502029366 1.080327174806517 0.9998692701605678 1.071770377044363 1.037838283562256 0.9651582968879936 0.9651582968879936 0.4856026944819941
 0.9874837811635793 0.9999938651082207 1.000006999760946 1.023124360391545 0.9716398296093416 0.4780762166494886 1.080200735219378 0.9998689047722671 1.071721921816515 1.037617871837111 0.9651323525834997 0.9651323525834997 0.4860339937185639
 0.9875026761113179 0.9999939313134972 1.000006992037984 1.023047146265004 0.9721114708387072 0.4763323272562043 1.080269741733116 0.9998701842081333 1.071638398528815 1.03803180228245 0.9652501218157432 0.9652501218157432 0.4871401388088638
 0.987514667933055 0.9999939388659476 1.0000069817805 1.023029653355067 0.972090136258269 0.4767707117295046 1.080092728894637 0.9998703221193311 1.071523299981501 1.037792423655905 0.9653053725816473 0.9653053725816473 0.4869131080649898
 0.9874824941458151 0.999993995405669 1.000007014424487 1.023099803325379 0.9718347840445136 0.4772858072794919 1.080686427493638 0.9998706804066727 1.071857814770361 1.038615004268773 0.965272073880665 0.965272073880665 0.4859898250637019
 0.9874907383474185 0.9999939799096366 1.000007006945976 1.023073342795505 0.9719712789429255 0.4766177000437287 1.080579070546056 0.9998706464229039 1.071786951840979 1.038514267514093 0.9652712898534822 0.9652712898534822 0.4867010374775166
 0.987486971760518 0.9999939947297943 1.00000701279821 1.023068726662489 0.9720936941805945 0.4759929983439105 1.08072645110348 0.9998708860064819 1.071850867606174 1.038784180033032 0.9652660883491299 0.9652660883491299 0.4872402053211261
 0.9874984265670604 0.9999939316319195 1.000006994158662 1.023081610849218 0.9718240811071709 0.4777045596822491 1.080236548384852 0.9998699390134965 1.071650582481779 1.037871110314507 0.9652545794808715 0.9652545794808715 0.4861336635232438
 0.9874842374563311 0.9999940498923598 1.000007018672964 1.023075138986165 0.9719881392642324 0.4764947851959759 1.080890060602713 0.9998715353589075 1.071899818802104 1.039085195126106 0.9653338569045218 0.9653338569045218 0.4861480685172698
 0.9874869584537928 0.9999939350761781 1.000007006115076 1.023083091998342 0.9719360903812663 0.4766216016058445 1.080493532186566 0.9998700406863628 1.071787122589645 1.038297972933072 0.9652038984976844 0.9652038984976844 0.4869387002989524
 0.9874892820830321 0.999993846328782 1.000006993389917 1.02311793326983 0.9716226298027542 0.4783553307946512 1.080059532800511 0.9998686692157147 1.07165535273498 1.037396147859887 0.9651298493173203 0.9651298493173203 0.4859553979036568
 0.9875025130776892 0.9999940041775638 1.000007000421276 1.023036910530785 0.9721483097491638 0.4760390098208039 1.080538045819448 0.9998711210705693 1.07171550809416 1.03857347626814 0.965328929926354 0.965328929926354 0.487426043316636
 0.9874985214495577 0.9999940174629701 1.000007002937991 1.023062681046092 0.9719393908498913 0.4771768920627621 1.080545953536787 0.9998711203688004 1.071731095609828 1.038524198041894 0.9653502660911768 0.9653502660911768 0.4861086939140899
 0.9874874087520389 0.9999938972427559 1.000007001182272 1.023097741690252 0.9718070479500611 0.4773297210284587 1.080322660044354 0.9998694555951754 1.071737297455426 1.037942576853556 0.9651700917124605 0.9651700917124605 0.4864237968414271
 0.9874909710598763 0.9999939000039515 1.00000699654182 1.023104072532929 0.9717100416559147 0.47803384316369 1.08020698842639 0.9998694285910483 1.071680153148482 1.037721981204704 0.9651988575263406 0.9651988575263406 0.4859422513817726
 0.9874923225795663 0.9999938819762604 1.000006995054058 1.023090511084527 0.9718527030297155 0.4772629308440767 1.080188990816397 0.99986931315145 1.071673527171581 1.037713292825302 0.9651695948950207 0.9651695948950207 0.4867121249406478
 0.9874902768088504 0.9999938401638619 1.000006991024984 1.023119181202756 0.9716327706313947 0.4783637466225831 1.080000099439499 0.9998686092128394 1.071630510262338 1.037271740317652 0.9651295946947588 0.9651295946947588 0.4859137771866033
 0.9874943563094714 0.9999938939755889 1.000006993242217 1.02308817971899 0.9718637669313702 0.4774085465783062 1.080170866007055 0.9998694931933861 1.071650778590334 1.037702689999172 0.9651971069800984 0.9651971069800984 0.4862449545743625
 0.9874947056557244 0.9999939825057015 1.000007004108706 1.023059183629303 0.972061304692177 0.4763609660374355 1.080549857994515 0.9998707557608425 1.071758023080535 1.038506097432919 0.9652835194007328 0.9652835194007328 0.4869516211480997
 0.9874889964067052 0.9999939683662971 1.000007006933261 1.02308754910741 0.9718623228829005 0.4772010581542096 1.080528661836712 0.9998703853447544 1.071783978881639 1.0383687734293 0.9652578900383831 0.9652578900383831 0.4864352572707056


# name: spread
# type: matrix
# rows: 1
# columns: 13
 0.1613 0.06240000000000001 0.08789999999999999 0.2673 0.7692 30.7328 5.303 0.5482 8.7866 6.2481 5.720599999999999 5.720599999999999 90.9049


