# Created by Octave 3.6.3, Tue Jan 08 20:24:27 2013 SAST <nickp@macair>
# name: results
# type: matrix
# rows: 20
# columns: 28
 18.4400846354473 1.605074747395226 1.20155737882302 9.128788315889448 4.983512308676708 36.66062652410449 0.2386073348563854 1.996013591816924 3.268719259999389 0.5538275988200226 1.45384431704765 22.96727304829575 7.131047077383684 22.77541563759634 0.3602768297034633 11.06722023221434 0.2386073348563854 1.467010169885569 1.960977634541599 0.853899673768127 100.0710927490721 10.49486784236769 1.677313288865358 37.87073851045502 17.47499210850164 6.85134215991155 1.743013939939281 1
 18.68424450234524 1.712557074592235 1.118669330369241 6.671124873293459 3.954107555711741 36.44188079042951 0.2676902203824273 1.779196914757565 2.739167388422498 0.6201792061873648 1.459781636998005 19.68083168820701 6.681733533777567 19.21351551956463 0.3315851165644801 8.735297034680949 0.2676902203824273 1.372272971182719 1.758851540487637 0.877848873434559 101.3201575140083 10.14861131480316 1.525494899959497 40.13384524891396 12.42602471836322 5.921809667289532 1.669220011892805 1
 18.46756434262678 1.734799821827134 1.201938329899168 6.564939825252127 3.949115049476795 35.84673847750697 0.264915364809849 1.744891541598306 2.65390677551714 0.6393017682597021 1.442870901816755 18.83760934340597 6.740745673311359 18.21033817902916 0.3675925022043785 7.9050869894543 0.264915364809849 1.356591891422551 1.724809299635376 0.884800995558942 99.31896606908225 10.19913966345767 1.652329005590088 39.58675362977262 12.43694888501175 5.613309550949784 1.688380840525378 1
 18.48871720778943 1.586707602406975 1.170947623408083 6.747717558514037 3.892872456147715 35.66551019531857 0.2544268763118708 1.720102596469632 2.61007636296772 0.6680801655566742 1.459904380571239 18.49841378626602 6.74573606146045 17.89955241337711 0.3259160203712919 7.786734142314586 0.2544268763118708 1.342782042754045 1.702175507916823 0.8920935471824933 99.06753616097271 10.08748157632048 1.646598565448079 39.96791112058926 12.27286215799257 5.552565861745796 1.687998364894051 1
 18.51100688397251 1.677575894869588 1.211016198493055 7.054485639387734 4.144402081552666 36.0968800347999 0.259001140723666 1.796825030331969 2.780073946692245 0.621838739831906 1.4552855922227 19.71467431653797 6.811490085691952 19.1844773958645 0.3611589655271649 8.56373590734626 0.259001140723666 1.379609933687919 1.774160777348208 0.878404471805269 99.81474563502816 10.2497459251026 1.628494257108749 39.3943561799191 13.36861499025123 5.88265480442275 1.72044587808333 1
 18.72383022381822 1.725869763224679 1.135551117349041 6.297705459025747 3.781374620391853 36.28771684493285 0.2722123238840202 1.727185094058997 2.61771410509767 0.6439066763818307 1.443922790364764 18.80438678540188 6.614102578594259 18.24827113043428 0.3361796728280381 8.07714013581241 0.2722123238840202 1.34839722461125 1.709797908754849 0.8858081955555994 101.338622361358 10.12042165632955 1.529645271212712 40.67364203280955 11.65354373412158 5.655379077111103 1.681515808536477 1
 18.65654039404596 1.727969883432888 1.122098870926911 6.44526615466727 3.850342348009288 36.2489093124717 0.2705303743412321 1.748358716489102 2.666578875179328 0.6336386721190923 1.452481230244619 19.15453373096562 6.639783664429787 18.63374714661624 0.3346685337724865 8.341541131075054 0.2705303743412321 1.358198085332278 1.729667683269913 0.8824441748502418 100.9141184351404 10.11474731206258 1.524691812673777 40.25850912747831 11.96355606916077 5.761550720562054 1.680467762205433 1
 18.77437911486497 1.568404420637144 1.185297185831867 5.669725309666704 3.411074456417588 35.78200495360893 0.2703399100033527 1.606270805403008 2.352322341552155 0.7199100086466138 1.459288622719875 16.8623639932372 6.493216317903417 16.1804964692254 0.3430665255623995 6.741986061188884 0.2703399100033527 1.28994787651962 1.595630302986258 0.9089004168633908 100.8282722436361 9.960231153702079 1.68086343545993 41.91612620726362 10.13067416566975 5.093247552777781 1.702770947879528 1
 18.14820243466933 1.68645810936338 1.104738000495776 9.246781945791065 5.127040100680344 36.33377671196433 0.2391915086639483 2.028477668204067 3.332164992174798 0.5257486278541927 1.491021878664555 23.33303766691132 7.180460434196274 23.1113310591146 0.3634030855790538 11.2480617983962 0.2391915086639483 1.483638740173127 1.989746758301706 0.8458420923800657 98.19079792005475 10.55585769714353 1.637601068059197 36.43577438660841 18.06406011984737 6.972403836039968 1.766543916186256 1
 18.56706086912948 1.733095154638673 1.199027301351035 6.527586983943414 3.92963609763724 36.00368104844574 0.265728960114448 1.739353695955673 2.640666334931295 0.6420614979135612 1.444171993043327 18.74297398742976 6.726060812674548 18.10182679371406 0.369024983330291 7.827134219162327 0.265728960114448 1.354096781410591 1.719844139492897 0.885716794726051 100.0304957158381 10.23577883946938 1.657782114090865 40.01082555229957 12.34798822086081 5.583935895848515 1.692318461736346 1
 18.28877673722752 1.558571743215096 1.240162084726782 9.443409980824017 5.293009396024527 36.72746488444717 0.2462683892569336 2.083197940526027 3.479818865408105 0.5213815171514569 1.475188085275319 24.4905888578377 7.159170266245678 24.42371906572755 0.3636752950223841 12.17857746196772 0.2462683892569336 1.505995824503817 2.041498624405023 0.8412818149983587 99.35376155237222 10.54742126826463 1.560080912538464 36.67982791236334 19.04716357180422 7.266808501719004 1.848909420025066 1
 18.42339588269308 1.626203267465925 1.18573313035498 7.369982544405261 4.119445704553805 35.72820327110396 0.2447773177103179 1.766184461550186 2.718188839813399 0.6496023275410199 1.458767685736036 19.1637369143575 6.88225054935722 18.61178613079838 0.3252759734666033 8.264900294321324 0.2447773177103179 1.363538918041054 1.745359431885943 0.8861407964549493 98.80130966630676 10.17534756029729 1.620643343263743 39.41110149337933 13.26771170466972 5.766482047849234 1.665864582115662 1
 18.39403039655683 1.57986919608162 1.244278355783131 9.384849697946104 5.242753115941825 36.90270262885161 0.246312388397326 2.072542494754666 3.452996389607621 0.5238002830101552 1.474819164245392 24.31203945595736 7.154672845891458 24.2291887213336 0.368735521619339 12.03887335130386 0.246312388397326 1.501454135268749 2.03205497233407 0.8425549983816831 100.1171840650847 10.57359448823429 1.562925234835293 37.18214679521144 18.78258679338784 7.217446926496797 1.839283385330735 1
 18.65463208974945 1.569981306597961 1.18629704836568 5.665047793100234 3.408683279138863 35.54657243180777 0.269999810867689 1.605184091291922 2.349761345482525 0.720361331464093 1.459289243079812 16.84482330553137 6.504728595976297 16.16088271349778 0.3435732974070754 6.73292174371668 0.269999810867689 1.289413239916689 1.594263264567872 0.9090412185930059 99.86199561244102 9.907020742651151 1.681277715038105 41.49515256152777 10.12002797287078 5.084451497276979 1.70297891328624 1
 18.74876678155795 1.578656777103348 1.195137673361376 5.616849704484896 3.386944528895856 35.70243107985252 0.2714233294692754 1.601510038210308 2.341868723310833 0.7217933452282184 1.456631777417313 16.8002425641208 6.481074446344015 16.12551469396366 0.34527598222461 6.721801408862401 0.2714233294692754 1.287737564337117 1.591232837503169 0.9094873797274086 100.596756855448 9.932560965024731 1.679542914819349 41.85647805023662 10.01771729225343 5.081908116688296 1.700206384500851 1
 18.74586022195903 1.560340445089317 1.181686210110625 5.803315863824558 3.48432001914546 35.80990883788033 0.2693386943303674 1.624753596755888 2.392794135185524 0.7106330802091891 1.461327455652669 17.11486545979073 6.522166857485153 16.44105119585413 0.3396328528599473 6.884013978958512 0.2693386943303674 1.298758795902596 1.612884293754269 0.9058471035381126 100.6918111737931 9.993333572341729 1.681823370674771 41.66554966226203 10.46043252602262 5.157116420059535 1.709800498542134 1
