# Created by Octave 3.6.3, Tue Jan 08 20:34:04 2013 SAST <nickp@macair>
# name: results
# type: matrix
# rows: 20
# columns: 43
 1.082074174599734 1.604698400022085 1.001276512493802 0.9959598593978679 1.281999535915895 1.032146995212349 0.9999564975973626 1.003046062001633 0.9999999999999885 1.0024750401248 3.397629317970234 0.9635956919189369 0.9914856040966123 0.9999999999999999 0.4418098779361651 0.5214544577622984 1.032911727693122 1.305338312440593 0.9941860013060868 0.9999999999990885 6.840069128167618 1.023092393913244 1.000000016398655 0.9998754642592708 0.9999869658824239 1.000000643851247 1.000281642502039 0.9999999999999957 1.001457211486483 1.00762691337215 1.000000011098827 0.9898699275578846 0.9999999999999986 1.019857406008686 1.083310613665774 1.002757312637777 1.000000753419329 0.9959002593978551 1 1.007672387145238 0.9999990908631272 1.098712821411976 1.000059827710607
 1.100309870086681 1.739360749918296 0.9267507221913153 0.9950566787131255 1.320309037906822 1.035406623942533 0.9999469979761486 1.003731329436804 0.9999999999999862 1.002974041901578 4.329953085928167 0.9556346321229482 0.9896018178795424 0.9999999999999998 0.3678453943494833 0.4506011637435539 1.040200844851808 1.353829501805991 0.992892354720579 0.9999999999988863 10.39044101102894 1.027472530196585 1.000000014656117 0.9998501431591238 0.9999841194052406 1.000000706111109 1.000344938333465 0.9999999999999948 1.001609850120144 1.008326573589089 1.000000013578525 0.9876112540272263 0.9999999999999982 1.022092161823588 1.085877907114073 1.003376555198465 1.000000901796508 0.9949841257763795 1 1.008356341859915 0.9999988869613596 1.10863730312584 1.000072899988435
 1.089385949502355 1.630220256729999 0.9045409960475421 0.9955398497060677 1.271083245743862 1.030229470420115 0.999952338638202 1.003363803720566 0.9999999999999878 1.002658644211873 3.700115965173742 0.959888002229394 0.9906258582769877 0.9999999999999999 0.4056470073350188 0.4872719160436335 1.036088594493748 1.301717941556549 0.9935852202277523 0.9999999999989978 8.21074133944667 1.024376537860179 1.000000010710058 0.9998661100477492 0.9999857195267179 1.000000603514321 1.000310982992123 0.9999999999999953 1.001380918348148 1.007091272944677 1.000000012243223 0.9888172479827633 0.9999999999999984 1.018978059768697 1.070293929387172 1.003044619941186 1.000000804967699 0.9954746019810941 1 1.00710762190013 0.9999989962386109 1.092060019592701 1.000065529069182
 1.089152206805676 1.62824103596411 0.9045496610107453 0.9955514836238794 1.270298318873628 1.030139607222493 0.9999524551236265 1.003355074430783 0.9999999999999878 1.002651586139465 3.688880205269642 0.959991072265965 0.9906500052434701 0.9999999999999999 0.4066161302480725 0.488184830254251 1.035992630726801 1.300832385543226 0.9936020214080886 0.9999999999990002 8.169704943874539 1.02431483954739 1.000000010598475 0.999866390306511 0.9999857544338563 1.000000601730378 1.000310179123177 0.9999999999999954 1.00137688202747 1.007071710815899 1.000000012211631 0.9888462960717851 0.9999999999999984 1.018925982016111 1.070091050788468 1.003036699967006 1.000000803036173 0.9954863982756199 1 1.007087943417378 0.999998998849452 1.09179874964195 1.000065365184843
 1.104337086141719 1.772387974501478 0.9138788237337213 0.9948630532169946 1.330446462586016 1.036276463845469 0.9999449006990219 1.003878745204755 0.9999999999999858 1.003083611317327 4.575021531424935 0.9539366970556424 0.9891945433654155 0.9999999999999998 0.3537212082706995 0.4366912873727796 1.041783576035448 1.366044060547361 0.9926152958534538 0.9999999999988418 11.38848142314244 1.028461951180966 1.000000014082766 0.9998441748032004 0.999983491009203 1.000000722806993 1.000358557801576 0.9999999999999947 1.001649769989952 1.008521580212143 1.000000014113847 0.9871274358012728 0.9999999999999981 1.022673139682761 1.087195350114046 1.003509654128508 1.000000935571467 0.994787664048135 1 1.008549011666333 0.9999988431659788 1.111386882849854 1.000075764889525
 1.082570492546125 1.604116391158348 0.9882872850702009 0.9959270730811328 1.278999766060663 1.031735069492282 0.9999561870831395 1.00307086802046 0.9999999999999885 1.002485705373624 3.414147862238531 0.9633062555673575 0.9914196395219221 0.9999999999999999 0.4388744675647178 0.5187021130618351 1.033144155959838 1.303121679844136 0.9941392554101054 0.9999999999990815 6.934801932748561 1.023138545417575 1.000000015540749 0.999874872495889 0.9999868728179867 1.000000635402763 1.000283934178073 0.9999999999999957 1.001440000927637 1.007519363175701 1.00000001118757 0.9897875676952261 0.9999999999999986 1.01964244240117 1.081201599778372 1.002779733347184 1.000000756247109 0.9958670554779807 1 1.007560856653679 0.9999990834782068 1.097334666873129 1.000060249419451
 1.083599655973031 1.600869357837336 0.957893265893793 0.9958536895879593 1.27098578613471 1.030693172038861 0.9999555361104452 1.003126042041335 0.9999999999999883 1.002507747676144 3.442508200094269 0.9626574630625563 0.9912740744648195 0.9999999999999999 0.432330224863627 0.512612360652156 1.033655097363519 1.296980593161566 0.9940343259083059 0.9999999999990667 7.136282780344968 1.02319965692442 1.000000013749695 0.9998739362892488 0.9999866776845575 1.000000614104848 1.000289022887083 0.9999999999999957 1.0013963496134 1.007243640060999 1.00000001138455 0.9896032423368805 0.9999999999999984 1.019082832329216 1.075904652383355 1.002829709854941 1.000000761128679 0.9957927828273736 1 1.007275494322813 0.9999990670103591 1.093788095737909 1.000061147937947
 1.103571694070209 1.765661955702131 0.9168186225698063 0.9949013174747757 1.328405864570736 1.036151088571486 0.9999453306605888 1.003849517560337 0.9999999999999859 1.003062575324185 4.523205911397069 0.954271663636808 0.9892761683443783 0.9999999999999998 0.3564514235517569 0.4394081764675031 1.04147262365458 1.363657692253768 0.992669984236711 0.9999999999988509 11.18005293242775 1.028267036072486 1.000000014463071 0.9998454936187372 0.9999836198269855 1.000000720471065 1.000355855503283 0.9999999999999947 1.001643900644151 1.008484856074741 1.000000014006806 0.9872230712381043 0.9999999999999981 1.022562036448915 1.086956961930543 1.003483293727865 1.000000928712215 0.9948264999757929 1 1.008512853069458 0.9999988518335167 1.110865837934268 1.00007518745536
 1.08324464631677 1.61781091917451 1.008307079903715 0.9959115173970946 1.289000271505738 1.032908108632197 0.9999559360948886 1.003082938696729 0.9999999999999883 1.002510032754849 3.459715880202678 0.9631681505173442 0.9913815565248223 0.9999999999999999 0.4375271836159846 0.5173826461430382 1.033336092245252 1.312383729910965 0.9941166938712234 0.999999999999077 7.012314580891942 1.023458822736907 1.000000017059581 0.9998736167275543 0.9999867976670641 1.000000659012186 1.000285054095547 0.9999999999999956 1.001490536110713 1.007812760257032 1.000000011233244 0.9897492676110144 0.9999999999999984 1.02030763864349 1.085917269907688 1.0027905791514 1.000000764561305 0.9958511508039501 1 1.007861112175796 0.9999990799086175 1.101188904588662 1.000060599859991
 1.089547022678842 1.63742216680702 0.9180880587241139 0.9955452062283175 1.277179740924885 1.030988824313834 0.9999523292225042 1.003360011732101 0.9999999999999877 1.00266671164513 3.718687877642969 0.959935220477504 0.9906329572293984 0.9999999999999999 0.4061155172247302 0.4876786707882328 1.036092734123871 1.30719025461791 0.9935928054451512 0.999999999998998 8.215614126527788 1.024519617071274 1.000000011780111 0.9998656509639808 0.9999857167465946 1.000000618876577 1.000310637940955 0.9999999999999953 1.001413459983724 1.007277905511936 1.000000012230693 0.9888310477885358 0.9999999999999984 1.019389852230454 1.073415723421629 1.003041124800469 1.0000008082276 0.9954799421249498 1 1.007299183668565 0.9999989973926032 1.094491213816716 1.000065544490025
