# Created by Octave 3.6.3, Tue Jan 08 21:13:08 2013 SAST <nickp@macair>
# name: results
# type: matrix
# rows: 20
# columns: 28
 74.95432949112778 25.13137984500932 9.842519156438222 39.18373054173864 1.802030938080985 97.35063834984669 1.916298721621306 1.252785248645079 6.336538554767106 0.3796113780758 60.69560824047301 18.62028768767564 3.450842467891028 4.154688929776811 0.3464989402164407 1.100930932014494 1.490215257410063 1.621185329322337 1.161363978614356 0.1437352440649793 63.5170048823755 3.95683287319661 1.523862038361317 60.06325737242973 21.93719790625915 18.66384128060175 3.583033751936815 1
 75.31075873132922 25.15210713534908 10.1220681626551 39.09037253850563 1.811382313073445 93.74880034441072 1.896981554615785 1.249069653191861 6.174620188948227 0.3759001162627532 60.18009273427557 18.5755716216773 3.495900311402813 4.063223563212023 0.3476248249561625 1.111856884908785 1.480624392366728 1.610273995543555 1.160472899187805 0.147713008419835 63.12627031081763 4.079018118554607 1.504788542420109 59.38831266346526 21.61176072083362 17.99226587143323 3.494284771178572 1
 76.00025225623048 25.44744600192499 10.06654796959324 39.74511975555446 1.854340783525182 107.2129738717581 1.949612980831782 1.261034228386213 6.642723735743475 0.3877550522615191 61.48400805847845 18.77370894932853 3.425915289961015 4.124205862667719 0.3536941046595309 1.128816674830836 1.506704493697027 1.642866576490819 1.168381910859809 0.1496171989113035 64.52713913380254 3.92580268929131 1.538196696864835 61.17048782719311 22.20698874406338 19.48616093565004 3.515651805301156 1
 75.1523314971645 25.18958600817632 9.854593713879897 39.22459380221869 1.806313818762136 96.42316720508694 1.915411702778293 1.253522975771151 6.297374838487555 0.3853010079801095 60.54248137821188 18.64356105304119 3.428481445719915 4.10154635062158 0.3557934323671799 1.132982568885689 1.490628321548691 1.621399336119971 1.161214114519239 0.1500905108201124 63.46685393604722 3.966213254634437 1.542172970568102 59.91508763272552 21.85558473445336 18.38718659539827 3.557864337508803 1
 75.58649047010674 25.4906069442741 10.75213823105285 39.65653355742035 1.993028310774081 107.9214650489792 1.940236985813348 1.25748619192753 6.650843057151326 0.3638800924685736 61.28535200889166 18.62006798912435 3.407083274764406 4.144138358880446 0.3401893803508393 1.130401194225407 1.499337552481002 1.636452287401498 1.169413934846553 0.142157765165957 64.44991508934631 4.08804474885217 1.458955751426187 61.08909992688196 22.06673915844839 19.64948441191736 3.250204971661242 1
 74.8916085836677 25.07536746408838 9.661770533597917 39.10004778229668 1.754443262532751 89.64196960323405 1.909813181147424 1.253068285309865 6.134307746545127 0.3983237387729202 60.21113652215129 18.62910974718953 3.463471907041789 3.918662415577305 0.3693483937441845 1.143328865042053 1.489782735868909 1.61772646686513 1.159121943262301 0.1513006395877012 63.11963636332719 3.873108351184231 1.453536896627555 59.53849262592487 21.8055359088826 17.68704181646224 3.692959747280177 1
 74.0365135481988 24.85307282399274 9.467130266835959 38.7329434857249 1.734040193035404 83.71836558241864 1.894754368689522 1.248889725473075 5.970803180795534 0.3943779238020758 59.7689106866716 18.53015538218905 3.490802899600864 3.885870377489591 0.3679569008046125 1.128446127633948 1.482398444116708 1.607036506040694 1.15484586071304 0.147387729208767 62.52367795538063 3.876391666095754 1.444791551360764 58.97151118362335 21.72151520989904 17.25734089219102 3.749481723610172 1
 74.97468212278889 25.45499078070024 10.72779526328879 39.60880500788021 2.032662883745781 108.268186239503 1.94483457920097 1.257781809719153 6.688823990788027 0.3601383840702533 61.42935081018251 18.55012639137254 3.342243740598957 4.16934194173863 0.3369008519800197 1.140074626266186 1.501081088042511 1.638204596950242 1.168594042287993 0.1375759245868124 64.52850194851658 4.097748362873353 1.471312270451457 61.29898300744328 22.19214832729432 19.91426085070328 3.224020659959 1
 76.02048552756985 25.5312739784515 9.849543522010714 40.04545736427114 1.85398960184616 117.7950447712012 1.983397309538483 1.267183977116674 7.00424435948212 0.389893687012357 62.57791019868603 18.88667661958178 3.352696811882855 4.314458653802327 0.3476521596278465 1.086147635822643 1.522280958781648 1.662401928848725 1.172101366083379 0.1401775806981946 65.41210554243543 3.748289565053512 1.537562036654634 62.47394472028323 22.74329742470914 20.90234139174628 3.606511148333587 1
 76.18515845939251 25.54231594386573 10.82443556101751 39.71384034338693 1.969897635750031 105.3555958770413 1.934340777995221 1.256588461209949 6.584167074174166 0.3641687283185339 61.14108812183891 18.66730186923021 3.424842327593236 4.084078636142554 0.3450670138884076 1.134755450531509 1.496819953060522 1.633171178933091 1.169265729968568 0.1429098767045324 64.29450774985054 4.062833466418187 1.379374995569888 60.75220057112202 21.94010098201901 19.17286944333295 3.263355058509161 1
 77.04406790017072 25.52524708902322 10.2975740667752 39.94155031557628 1.858521871092538 108.8744325222785 1.955883815518796 1.262857604314259 6.692147477316444 0.3837329184523433 61.5834770497661 18.82584191360298 3.484366401687842 3.940135442695149 0.3564456397075263 1.130619473957423 1.509871112500682 1.64743226100766 1.172600454990026 0.1499883347950402 64.74028215015456 3.98099403289793 1.527826967912812 61.26339503377295 22.15518008333018 19.35943990510715 3.457002761421844 1
 74.02649161810733 24.90352601085451 9.689621004941328 38.67970719849067 1.770781636257856 86.99995264789516 1.883402121671647 1.245727050202962 5.993232827494719 0.3787565138053587 59.67911806248091 18.47628969235642 3.460580555288054 4.078763835328035 0.3520539845461231 1.11878584863026 1.474923981317463 1.600566672750122 1.15440411671444 0.1468826851951786 62.48162901609742 4.022972296457114 1.54062032176952 58.81535998100082 21.56937817509089 17.55943913801953 3.606867039069574 1
 75.90030164844491 25.4653946773485 10.7884366690354 39.53789516154664 1.94862794959678 101.5196689271407 1.920182390231546 1.253359118482952 6.457990943117967 0.3612574592854015 60.80608804141253 18.60627848363753 3.41487854531264 4.09085806928706 0.3441276972037938 1.140637895528983 1.489889978246444 1.6243506391971 1.166651229727253 0.1429447966559412 63.92541848328619 4.101314022353858 1.364405923002956 60.29715463028106 21.80223400667638 18.81517700070302 3.261282690219002 1
 73.78391146474821 25.02966686019863 10.41319484037012 38.70718367188267 1.897154051995164 88.77409789412181 1.878310909244784 1.243082403745475 6.067039856073192 0.3566984187789909 59.62126004755049 18.36267723672991 3.467727741763817 4.217912991026059 0.3326926756529487 1.123259125578872 1.469402940173581 1.596761160344337 1.15573594260659 0.1438799330107266 62.53123447979829 4.200745124452535 1.428599845577504 58.82996970873648 21.47248771913078 17.88049990711959 3.342065705610352 1
 77.34669076837859 25.89019407700841 10.10388145117914 40.77473955503667 1.919997721858456 137.4551677146672 2.033713956071048 1.278337004991695 7.555596462248106 0.3968183828978835 63.80340084350173 19.07899949143828 3.297976786993985 4.318375767323901 0.3530484035250095 1.099256328822959 1.545903572785427 1.69403808215271 1.182429310292414 0.1420820091508242 66.89007170335472 3.692804687559282 1.540582363054251 64.22910886294484 23.18808299287305 22.60751223254492 3.5295164974992 1
 75.6940610872613 25.31899788653918 10.26793711069694 39.34977436101632 1.853239622129115 97.27755485451439 1.9125373589388 1.253097424694896 6.303366698247999 0.381550690855369 60.4732850528839 18.63936288869314 3.469453022563934 4.03848378463918 0.3533405729368941 1.128703811143633 1.48850177157015 1.620420058207248 1.163466688965723 0.1517391259339586 63.53587296610284 4.066053089659052 1.517718160613849 59.83837494364933 21.72311486534417 18.28095950903198 3.453387351943511 1
