# Created by Octave 3.6.3, Tue Jan 08 21:27:43 2013 SAST <nickp@macair>
# name: results
# type: matrix
# rows: 20
# columns: 42
 90.37633188171284 21.56475312459343 15.34448211801699 1.000000042684991 13.11718333408522 1.000000004226016 1.000000000000003 1.000000003523682 1 0.963191720683869 0.9814309321423808 11.56838435877791 0.7577979597500404 0.2713905424003161 1 23.69257419019447 0.8978933540996776 1.103920230935556 0.394512421685491 1.037001201096455 1.020377120739965 1.082621677846343 1.000000000150062 0.05526755373484732 1.000000000000002 1 1.00000000169708 1.450952372662499 1.000000000011424 1 1.002321578789948 1.045472269863541 1.000000000339548 5.55152263821229 0.952121371986782 1.143148201401321 1.000000534634906 1.000000042684932 1.180648024811812 1.147058191771671 1.000000000000025 1.000000000000058
 3279.810302552467 313.2877969079878 628.0820592487985 1.00000020338881 205.4867015090718 1.000029833145178 1.000000000000018 1.000000006533707 1 1.118356414031847 0.9664843539098128 637.012754785114 0.5602222053703696 0.1011676444678133 1.000000000000002 335.3764157248158 1.102656719798838 1.467015069297523 0.3182526209516642 1.290334340184402 1.519157479645316 1.364275620114603 1.000000000272688 0.001859118995296079 1.000000000000012 1 1.000000003146663 7.726757624179336 1.000000088757303 1 1.012645015997794 1.376215898081354 1.000000000617017 103.373211773417 0.9139106604609094 2.444872013906211 1.000000776729832 1.000000203388699 2.86785333413156 1.702535966588226 1.000000000000023 1.000000000000107
 28139.44896737856 801.8291059623887 19.3477123240697 1.000000163298749 131.3676368401055 1.000014738319665 1.00000000000001 1.000000008445111 1 1.009615505112474 0.9557598200605266 81.29574868763895 0.6898351845223679 0.04102761424315202 1 1202.357110401769 0.8550263822318301 1.046799040582179 0.5473538995039217 1.053834139808854 1.079180142186195 1.037148349941753 1.000000000349045 0.08805685034417249 1.000000000000007 1 1.000000004067345 1.696356608562733 1.000000043845992 1 0.9979188543768349 1.063975258029324 1.000000000789793 7.987254932592785 0.8924408295591284 1.206164897781494 1.000001963214949 1.000000163298614 1.267886403666884 1.086011568104325 1.000000000000636 1.000000000000135
 3494032.724953287 18033.44324175211 94.35046222144726 1.000000089232868 1416.337126644971 1.00001067482754 1.00000000000001 1.000000012440711 1 0.9978590652773995 0.9353805057144743 475.3512018150996 0.5816851169710512 0.008762585531980093 1 32580.06602743651 0.7727260968242559 1.066520981062779 0.4263387850368884 1.064677900389711 1.084107799834136 1.052572171252699 1.000000000513392 0.04997844196054362 1.000000000000007 1 1.000000005991711 1.869889859654284 1.000000031754614 1 0.996795726077553 1.076581122859455 1.000000001161666 15.7551504211138 0.8448784832897799 1.244332773647619 1.000001749676692 1.000000089232669 1.325536981212677 1.122883678038942 1.000000000000169 1.000000000000199
 80511.20484625029 1598.441737317122 53.82509201918617 1.000000097027141 262.8045046921519 1.000008017531937 1.000000000000009 1.000000009194056 1 0.9968300316964666 0.9517275209873315 102.0858632924258 0.6545149122807229 0.0303153772629898 1 2408.109217487344 0.8059129879026398 1.09705702686129 0.4688324177585512 1.058360539263071 1.074879571189574 1.076794154799758 1.000000000384064 0.08115049150694774 1.000000000000007 1 1.000000004428053 1.77342803698755 1.000000023850033 1 0.9993743565960869 1.069878611578409 1.000000000869031 12.34644611278646 0.8823394630781146 1.22352340877505 1.000001682112063 1.000000097026992 1.29237117945862 1.154885878730763 1.000000000000084 1.000000000000149
 1551.774579233144 91.4796506566189 102.1804100399935 1.000000069711459 29.08675561936294 1.000021639439178 1.00000000000001 1.000000005934258 1 1.039164587305752 0.9690827028409418 27.19470269177516 0.7006097804317883 0.1188286172417641 1 133.0542077055652 0.9036144703654695 1.101349793274713 0.4484761610884513 1.108617836529123 1.180123417325714 1.080078327872818 1.000000000247975 0.0577169816629907 1.000000000000007 1 1.000000002858065 2.879258253788876 1.000000064379143 1 1.001002312583398 1.128710071766375 1.0000000005611 48.94327535533879 0.9233881163951659 1.477702900706536 1.000000640586921 1.000000069711362 1.599958952908914 1.160169019371644 1.000000000000016 1.000000000000096
 393175.4006390628 4182.097078860434 58.41222356613022 1.000000073271208 483.7233244767555 1.000011218449217 1.00000000000001 1.000000010625277 1 1.001846846507732 0.9446846900236291 203.4038476056878 0.6272881417290346 0.01816238964962138 1 7022.735445664398 0.79668004847804 1.077682840801813 0.4703238547980077 1.060271046405877 1.081691125152088 1.061473459177336 1.000000000438613 0.05931838452657914 1.000000000000007 1 1.00000000511736 1.828635781110671 1.000000033372775 1 0.9980376925977307 1.07192003995628 1.00000000099246 14.42254304650356 0.8662564147709879 1.23125612218749 1.000001397528496 1.000000073271038 1.3058074718057 1.132768493866242 1.000000000000107 1.00000000000017
 1521295.345515966 11821.72846269001 103.7716618262838 1.000000173787857 1017.105042644115 1.000029303225799 1.000000000000022 1.000000011820738 1 1.033849539357253 0.9383712227456736 448.8494847310126 0.5890857141158382 0.01081466661491087 1 20015.64754898858 0.8205283623174744 1.075683708866701 0.4004692067994505 1.104542069328166 1.16770301944788 1.059997331619398 1.000000000487904 0.02139399963840883 1.000000000000016 1 1.000000005693119 2.635979766522972 1.000000087177247 1 0.9973238843021285 1.124064595396728 1.000000001103993 31.7468183750199 0.8523563945027843 1.431889524936084 1.000002529342445 1.000000173787668 1.558474515039222 1.139817246451546 1.000000000000499 1.000000000000189
 23798.48869882353 786.8986556599817 95.31667708331845 1.000000330459714 149.7635560650585 1.000058804359742 1.000000000000033 1.000000008384724 1 1.094590295086319 0.9565330219053644 105.8263283253087 0.6349035117700838 0.04683228176538285 1.000000000000001 1146.126811715389 0.9608157743475235 1.154703324860493 0.3660786393273565 1.177565684206665 1.319628180695091 1.12250571186939 1.000000000345473 0.009897781179875068 1.000000000000024 1 1.000000004038262 4.204132372286697 1.000000174949321 1 1.001697948909057 1.221834182985459 1.000000000781711 59.41697118030781 0.8949215043320045 1.796935277696502 1.000002715616696 1.00000033045958 2.012133802443239 1.252701444585685 1.000000000000799 1.000000000000134
 16462244.48438774 47861.65227748911 137.9100132013502 1.000000095688564 2827.352746419338 1.000012369014548 1.000000000000011 1.00000001379188 1 1.009175714630937 0.9286870577765713 861.723826411968 0.5508162167344184 0.005215166187678115 1 93665.23407830724 0.7759177807320863 1.058997153280542 0.4200815243113014 1.081798655655103 1.114762221757189 1.046602439511497 1.000000000567369 0.04613637205275146 1.000000000000008 1 1.000000006642463 2.045423931909233 1.000000036794485 1 0.9959001806446152 1.095002944027397 1.0000000012838 19.95398855589413 0.8297145834725583 1.306705995750427 1.000001862726548 1.000000095688344 1.401286233584097 1.117714085265677 1.000000000000169 1.00000000000022
 137307.4063251001 2285.133228006932 66.53257943951539 1.000000106551433 344.6147041167553 1.000010661884211 1.000000000000012 1.000000009637851 1 1.004267005677525 0.9494174184280501 130.591711610916 0.6423349028406601 0.0255605568283361 1 3505.24539995415 0.8054418842640111 1.103772905736323 0.4586478583697489 1.068201669886441 1.093822773456767 1.082076012161654 1.000000000402428 0.06934212207953694 1.000000000000008 1 1.000000004641794 1.91872902454055 1.000000031717344 1 0.9993979307196165 1.081658461329267 1.000000000910584 15.01514865426337 0.8770470634428783 1.2646592383032 1.00000178264574 1.000000106551277 1.343928505747298 1.166456129667374 1.000000000000092 1.000000000000156
