# Created by Octave 3.6.3, Tue Jan 08 21:43:47 2013 SAST <nickp@macair>
# name: results
# type: matrix
# rows: 20
# columns: 16
 1.000000808222182 1.000000006422564 1.000001229665661 1.000000000000065 1.000004096694442 1.000000487955068 1.000001882756704 1.000000796978718 1.000001061670638 1.000009329909001 1.000000007134486 1.000000706719753 1.000000018045166 1.000000693665251 1.000000003980917 1.000000021400285
 1.000000101295438 1.000000000804948 1.000000154115429 1.000000000000008 1.000000513443094 1.000000061155989 1.000000235968049 1.000000099886282 1.000000133060423 1.000001169325848 1.000000000894174 1.000000088574022 1.000000002261622 1.000000086937886 1.000000000498933 1.000000002682124
 1.000000093080817 1.00000000073967 1.000000141617335 1.000000000000008 1.000000471805099 1.000000056196502 1.000000216832064 1.000000091785937 1.000000122269799 1.000001074498689 1.00000000082166 1.000000081391052 1.000000002078215 1.000000079887599 1.000000000458472 1.000000002464615
 1.000000101295438 1.000000000804948 1.000000154115429 1.000000000000008 1.000000513443094 1.000000061155989 1.000000235968049 1.000000099886282 1.000000133060423 1.000001169325848 1.000000000894174 1.000000088574022 1.000000002261622 1.000000086937886 1.000000000498933 1.000000002682124
 1.000000093080817 1.00000000073967 1.000000141617335 1.000000000000008 1.000000471805099 1.000000056196502 1.000000216832064 1.000000091785937 1.000000122269799 1.000001074498689 1.00000000082166 1.000000081391052 1.000000002078215 1.000000079887599 1.000000000458472 1.000000002464615
 1.000000101295438 1.000000000804948 1.000000154115429 1.000000000000008 1.000000513443094 1.000000061155989 1.000000235968049 1.000000099886282 1.000000133060423 1.000001169325848 1.000000000894174 1.000000088574022 1.000000002261622 1.000000086937886 1.000000000498933 1.000000002682124
 1.000000101295438 1.000000000804948 1.000000154115429 1.000000000000008 1.000000513443094 1.000000061155989 1.000000235968049 1.000000099886282 1.000000133060423 1.000001169325848 1.000000000894174 1.000000088574022 1.000000002261622 1.000000086937886 1.000000000498933 1.000000002682124
 1.000000093080817 1.00000000073967 1.000000141617335 1.000000000000008 1.000000471805099 1.000000056196502 1.000000216832064 1.000000091785937 1.000000122269799 1.000001074498689 1.00000000082166 1.000000081391052 1.000000002078215 1.000000079887599 1.000000000458472 1.000000002464615
 1.000000101295438 1.000000000804948 1.000000154115429 1.000000000000008 1.000000513443094 1.000000061155989 1.000000235968049 1.000000099886282 1.000000133060423 1.000001169325848 1.000000000894174 1.000000088574022 1.000000002261622 1.000000086937886 1.000000000498933 1.000000002682124
 1.000000093080817 1.00000000073967 1.000000141617335 1.000000000000008 1.000000471805099 1.000000056196502 1.000000216832064 1.000000091785937 1.000000122269799 1.000001074498689 1.00000000082166 1.000000081391052 1.000000002078215 1.000000079887599 1.000000000458472 1.000000002464615
 1.000000101295438 1.000000000804948 1.000000154115429 1.000000000000008 1.000000513443094 1.000000061155989 1.000000235968049 1.000000099886282 1.000000133060423 1.000001169325848 1.000000000894174 1.000000088574022 1.000000002261622 1.000000086937886 1.000000000498933 1.000000002682124
 1.000000101295438 1.000000000804948 1.000000154115429 1.000000000000008 1.000000513443094 1.000000061155989 1.000000235968049 1.000000099886282 1.000000133060423 1.000001169325848 1.000000000894174 1.000000088574022 1.000000002261622 1.000000086937886 1.000000000498933 1.000000002682124
 1.000000093080817 1.00000000073967 1.000000141617335 1.000000000000008 1.000000471805099 1.000000056196502 1.000000216832064 1.000000091785937 1.000000122269799 1.000001074498689 1.00000000082166 1.000000081391052 1.000000002078215 1.000000079887599 1.000000000458472 1.000000002464615
 1.000000101295438 1.000000000804948 1.000000154115429 1.000000000000008 1.000000513443094 1.000000061155989 1.000000235968049 1.000000099886282 1.000000133060423 1.000001169325848 1.000000000894174 1.000000088574022 1.000000002261622 1.000000086937886 1.000000000498933 1.000000002682124
 1.000000093080817 1.00000000073967 1.000000141617335 1.000000000000008 1.000000471805099 1.000000056196502 1.000000216832064 1.000000091785937 1.000000122269799 1.000001074498689 1.00000000082166 1.000000081391052 1.000000002078215 1.000000079887599 1.000000000458472 1.000000002464615
 1.000000101295438 1.000000000804948 1.000000154115429 1.000000000000008 1.000000513443094 1.000000061155989 1.000000235968049 1.000000099886282 1.000000133060423 1.000001169325848 1.000000000894174 1.000000088574022 1.000000002261622 1.000000086937886 1.000000000498933 1.000000002682124
 1.000000093080817 1.00000000073967 1.000000141617335 1.000000000000008 1.000000471805099 1.000000056196502 1.000000216832064 1.000000091785937 1.000000122269799 1.000001074498689 1.00000000082166 1.000000081391052 1.000000002078215 1.000000079887599 1.000000000458472 1.000000002464615
 1.000000101295438 1.000000000804948 1.000000154115429 1.000000000000008 1.000000513443094 1.000000061155989 1.000000235968049 1.000000099886282 1.000000133060423 1.000001169325848 1.000000000894174 1.000000088574022 1.000000002261622 1.000000086937886 1.000000000498933 1.000000002682124
 1.000000093080817 1.00000000073967 1.000000141617335 1.000000000000008 1.000000471805099 1.000000056196502 1.000000216832064 1.000000091785937 1.000000122269799 1.000001074498689 1.00000000082166 1.000000081391052 1.000000002078215 1.000000079887599 1.000000000458472 1.000000002464615
 1.000000115842693 1.000000000920548 1.000000176248274 1.000000000000009 1.000000587179726 1.000000069938732 1.000000269855921 1.000000114231165 1.000000152169515 1.000001337255058 1.000000001022588 1.000000101294327 1.000000002586419 1.000000099423222 1.000000000570586 1.000000003067309


# name: spread
# type: matrix
# rows: 1
# columns: 16
 24.4849 29.3586 46.0639 6.1251 1204.6771 1245.703 968.2145999999999 337.0147 1139.7797 540.7236 121.3075 323.9186 830.5633 424.3339 169.6135 165.1514


