# Created by Octave 3.6.3, Tue Jan 08 20:59:57 2013 SAST <nickp@macair>
# name: results
# type: matrix
# rows: 20
# columns: 18
 1.47519772947439 11532146.13630996 3.278629979222988e-06 3547.642284185963 670.1851484736752 2.280489313154256 3.506743799740176 5.982353650077973 1.175303030452927 2.196724289564796 1.014244366799899 0.9882286134108738 10.64268012723168 1.115990395319068 0.6133117702294529 2926.877347532995 3484.711522100094 1821.963616453607
 2.990584802710156 9737136.24491046 3.695010519211995e-06 3300.169223429968 629.7301325006049 3.53257249097665 3.155079129854405 6.55442625641853 1.23640761005702 4.101091594697541 1.046372018213375 0.9676915542663259 8.452023026881767 1.133571403522911 0.6630617072767379 2723.636202139611 3238.611559433314 1752.286551788973
 2.018502127435386 134386324.3021109 4.992208224915879e-07 11911.46276994163 1671.787092458153 3.361748995941453 3.387354405884732 13.48227383897524 1.250090786626336 3.400316609260232 1.015536352321969 0.9790088702522329 16.69502063110007 1.141751596409342 0.4445231598344676 9541.380666531248 11612.84494493693 5251.424752834044
 3.072179353134522 4925703.208019231 6.133466963251878e-06 2294.447782310312 477.9504416574667 3.357292696339284 3.01173965879426 6.726238274726546 1.222654297150152 3.885165112052963 1.044565584513501 0.969321272384054 7.687010907522649 1.119110624493059 0.6698230006867172 1916.300152565275 2272.788717102153 1206.486719040633
 1.297836394966657 55042051.22965518 1.012139307924529e-06 7915.874111666424 1198.749564353837 2.670772336934733 3.651707244919426 9.634879666150999 1.218622183899641 2.473750167645929 1.011251294468066 0.9874650399897386 15.15067630743961 1.133790938689724 0.4753750767726134 6369.311205113625 7646.256663170303 3884.228035985861
 2.563501972965526 1074015.14278358 1.98473810097398e-05 1072.002844704713 260.4300977676986 2.672082152531992 3.131666478400949 6.568335582549991 1.173485311501616 2.89765881796226 1.044403235277517 0.9779219651314912 7.26427829083768 1.099702431939628 0.6928860551170016 911.7304218941207 1064.560866466564 590.6375669729871
 2.355744603277193 44796517.47994658 1.106374924895298e-06 7504.727502949748 1105.423417200796 3.900738155757288 3.893121486974329 11.84286763474558 1.37952248454675 4.065316237643612 1.040934997206118 0.9689010538743161 19.4319065244307 1.180647440954527 0.6270593725541526 6027.395956632656 7230.866945334551 4514.25058016214
 0.7757578248835673 7609256.177677524 4.6668617432081e-06 2733.320876052881 531.2911539287746 2.122158615642218 3.019646229652429 8.766862549755267 1.153656482774797 1.778799073227676 1.003458961122478 0.9956541284500375 10.86066623424947 1.113612562767446 0.4207567304070198 2281.343164339245 2704.00246027654 1203.284766222467
 3.005025559229443 6645769.68573328 5.035456818628746e-06 2711.342248206761 535.8468743901938 3.435435353973304 3.031497747795114 6.778854868505883 1.238292223069133 3.953943542005814 1.043607414456607 0.9682971372650384 8.223791864420512 1.129763007751838 0.6679552464715636 2247.233002612553 2656.768164682529 1433.728022576213
 2.871433300277443 7745746.126847296 4.435354634220986e-06 2868.787469222675 571.1056972895307 3.371625832129324 3.053174647269312 6.782575907169071 1.213302559301293 3.890291142061711 1.043132635696523 0.9696300543422988 7.820355716330041 1.114170473912589 0.6540326579969981 2382.389475775319 2830.091298768945 1454.644070135705
 1.067532390698388 23767820.68805745 1.94099670226356e-06 4932.853291498334 831.0728984746082 2.5436993211192 3.119874867500545 10.85677237432896 1.197948087911421 2.268467407148516 1.006325329096561 0.9894105708733263 13.18285932546736 1.12233385805594 0.4115443751290882 4044.655849453475 4836.571380229906 2172.367535723678
 3.001141533592059 1164968.173485821 1.906376770002905e-05 1144.459263452452 274.8441449189787 2.667710406899984 3.22022992394361 5.803354150339 1.131343977251545 3.032652591505008 1.050847849874682 0.9796110935205889 6.487720495322984 1.084834087490865 0.7061921467690342 967.8868082241622 1126.660379132896 649.7082161548287
 0.7396094281218415 8642536.856290789 4.089118885061566e-06 2952.128422238802 575.7567196770799 1.959414498730279 3.323240194051936 7.228744463240742 1.151156277855838 1.624560730947279 1.003000712397251 0.9981452859782091 10.93310703968705 1.107468835446789 0.4637190788858203 2458.310543060399 2928.364915175453 1382.25519923618
 1.836607703309304 15137632.16494984 2.580401743611988e-06 3980.103204116376 716.2376598603315 2.947924179733679 3.357346417854246 9.032736358247053 1.253284008616886 2.951084324394283 1.01958497135637 0.9806910800849236 14.35822039338378 1.134686305166614 0.5659894900527063 3282.57872058733 3911.757050657169 2444.477183732258
 2.011738220856481 38482953.3430837 1.346447757534616e-06 6157.549165141751 985.4132428185598 3.400345303572472 2.939829558216641 14.31542830095036 1.264563758480392 3.461066133321777 1.017914296485585 0.9795208939370386 15.93686714796605 1.106894363618234 0.437106252436246 5029.779694215876 6013.614413781951 3082.097564732143
 2.61846892741627 77076549.63596617 7.694352551044056e-07 8953.607412517778 1312.286842073908 3.90888671614957 3.175472282500322 15.56213821401383 1.301911919664853 4.188784355838698 1.024087261010582 0.9738788313970888 18.81426305892905 1.132319813520662 0.4656141369303335 7227.426526607187 8699.388079396853 4851.474976517593
 1.918938045475761 16861061.05989027 2.352708998464696e-06 4340.639614935191 729.0515326021032 7.444866948877833 3.958586587291265 26.24760132415323 1.726881565511314 8.232608362647792 1.061854240361642 0.8942485181871175 20.92521999749976 1.352846405133536 1.03523519292343 3556.150228134122 4217.554647293141 3053.052169931488
 0.7739386776189946 8007594.636665666 4.545903808186081e-06 2815.200733329129 538.9976091018655 2.152023991589212 3.027126402881216 9.004193166062695 1.158874251072388 1.803916926389972 1.003485209261381 0.9953494872533737 11.13213611892855 1.115330140140255 0.4174573174603994 2344.949717445085 2773.744085930057 1249.938818950901
 2.129333048170473 49249110.3078405 1.098434911598808e-06 6978.468891630481 1088.240993589993 3.504888327669421 2.983533803070226 14.75373923721872 1.270146219716272 3.606743415658229 1.018715509862782 0.9784106871548067 16.46949205343873 1.111417995838816 0.4376529599523103 5681.584653091121 6819.038942298407 3475.695316203508
 1.067430290049785 20386706.7336548 2.197280102549158e-06 4873.288749026729 792.5174873145049 2.584816183098213 3.693001712417383 8.957739986228335 1.247560166486332 2.305290944548404 1.010282559340181 0.9902022303898185 16.36602167451144 1.125785376460795 0.4944602203952354 3962.077712912715 4671.822928030501 3139.89432968022


# name: spread
# type: matrix
# rows: 1
# columns: 18
 9 20 11 24 111 12 27 82 3 12 1 2 59 1 4 24 12 1125.3539


