# Created by Octave 3.6.3, Tue Jan 08 21:35:57 2013 SAST <nickp@macair>
# name: results
# type: matrix
# rows: 20
# columns: 13
 0.9921834084828608 0.9999682140944819 0.999998086876654 0.9859797252243846 0.9628435613717782 2.175316912249331 0.8595276581862163 0.9996990941942626 0.9863073780926682 0.6894885234591515 0.97113152022892 0.97113152022892 4.49523607469128
 0.9896184731828566 0.9999592672981075 0.9999980825966416 0.9814405262674174 0.9635282677043958 4.759005478820454 0.8312852747347782 0.9996521181437121 0.988054200206208 0.601259638277446 0.9556953960652347 0.9556953960652347 9.072640703958209
 0.9913979475450455 0.9999528658812035 0.9999973031614879 0.9807586089615985 0.9723035368444279 3.853822755035161 0.8188721596315146 0.9995420243923885 0.9785537066204423 0.5488858754698231 0.935148009272194 0.935148009272194 3.081988661938668
 0.9881240479614526 0.999953388307807 0.9999951556346237 0.9800801865614777 0.9387221310781527 2.662457152272752 0.7506315738443511 0.9994694758401843 0.9598675031941296 0.5304350328056885 0.9856140773705511 0.9856140773705511 6.742303225974362
 0.9853066441441066 0.9999642381890883 0.999994178181124 0.9787057421332829 0.8967267814056519 3.323974924187029 0.7729501498150527 0.9995904176866104 0.9517355037472331 0.6243371022386395 1.009144746334408 1.009144746334408 8.651216765325781
 0.9916597683160827 0.999967134112755 0.9999981597053678 0.9852532059794767 0.9625785876254794 2.510992326087379 0.8563382932886052 0.999699502074665 0.9874331620931425 0.6790207107684414 0.9695110067837805 0.9695110067837805 5.405277594936091
 0.9943984268469481 0.9999711976764856 0.9999979596256491 0.9882961574081457 0.9680571260543318 1.38862350448053 0.8760020663666266 0.9996955589192575 0.9832817191246909 0.7209325610251369 0.9697149799029103 0.9697149799029103 2.035066000018225
 0.9865880424632212 0.9999466497732076 0.9999949932226734 0.9766773866800055 0.9407111277582727 4.664231883702944 0.7323593937964321 0.999425343296258 0.9591648078043506 0.4757166544589201 0.9719081911707506 0.9719081911707506 9.387088111476228
 0.9920778769259331 0.9999679873305402 0.9999980947249134 0.9858374356932916 0.962734722942472 2.234951639177187 0.8586937913563228 0.9996986784236608 0.9864659080135489 0.6871847764056486 0.9708805528479151 0.9708805528479151 4.654676853021964
 0.9867086288110302 0.9999554225990428 0.9999963128737851 0.9782549601841627 0.9368590135461791 6.059076137818517 0.7752654822650257 0.9995613570986207 0.9722013857334953 0.5559468219721649 0.9770754053396735 0.9770754053396735 9.586351951679918
 0.9917506234203493 0.9999671802227168 0.9999980699380913 0.9854047867825529 0.9620740772584843 2.408112581075482 0.8547616781392665 0.999693638890618 0.986461700182517 0.678217816506822 0.9704445842111692 0.9704445842111692 5.096589638730339
 0.9740376988547075 0.9998829938430988 0.9999893930778447 0.9523120342451493 0.9059699522516126 34.84486811798818 0.525289789897498 0.9987654115016381 0.9123650701378021 0.1714564747598362 0.8973323015918687 0.8973323015918687 85.71483043180392
 0.9834708933236472 0.99995588657221 0.9999937359531615 0.9777011254488809 0.8886740705698499 5.054379835103972 0.7138806565819356 0.9994513469108536 0.948660616988652 0.5339045560885982 1.018552836697322 1.018552836697322 8.722241916420534
 0.9911599855751918 0.9999733211200061 0.9999970623448312 0.9872562161782684 0.9355987553252565 1.669726513771605 0.8465236782058831 0.9996936141310966 0.9765640546805873 0.729405618980507 0.9985956881989108 0.9985956881989108 4.136100423050871
 0.9917021032353828 0.9999670998273932 0.9999980882519389 0.9853342746079752 0.9621330536917357 2.44637847038363 0.8547735519313815 0.9996945139042374 0.9866827477902 0.6776443687087158 0.9702020473710888 0.9702020473710888 5.20431695598063
 0.9927247958513862 0.9999722267297199 0.9999973295473032 0.9879699149325473 0.9500537052883485 1.403689832741951 0.85381052085008 0.9996816035919649 0.9782072099003158 0.7173592252039265 0.988536555253508 0.988536555253508 3.036866512935157
 0.9913289638429399 0.9999663338085625 0.9999981791239596 0.9847762923348478 0.9623264474309293 2.74393379264724 0.8535402031446033 0.9996972895719104 0.9878733142872402 0.6708882898671549 0.9684537157146057 0.9684537157146057 6.008070518014505
 0.9789323375705058 0.9999395821079029 0.9999828378003557 0.9664701638249641 0.8721815395928531 5.101585385323168 0.6356455186843636 0.9992859801223279 0.8400455842932026 0.3981024355296591 0.9532079393269528 0.9532079393269528 10.69621193448519
 0.9896015470329591 0.9999656544969284 0.9999978034554047 0.9833668239306094 0.9445336611913318 3.938684814123431 0.8364906241726068 0.9996730319941742 0.9850408743513929 0.6448933101044168 0.9759464744092181 0.9759464744092181 6.747168970968015
 0.954210696666125 0.9999449387932628 0.9999533809814957 0.9332110614502865 0.6638995244834522 3.603651023646525 0.4298823313242913 0.9990445063698511 0.6002171388132866 0.4273317745881099 1.049146162618091 1.049146162618091 8.182299832568564


# name: spread
# type: matrix
# rows: 1
# columns: 13
 0.4247 0.06980000000000001 0.09760000000000001 0.3658 1.1742 29.4384 5.196400000000001 0.9993000000000001 9.7577 6.978899999999999 5.1405 5.1405 103.0942


