# Created by Octave 3.6.3, Mon Dec 24 16:35:54 2012 SAST <nickp@macair.local>
# name: data
# type: matrix
# rows: 1
# columns: 2
 1.924155676308738 1.30951567537155


