# Created by Octave 3.6.3, Mon Dec 24 16:29:50 2012 SAST <nickp@macair.local>
# name: data
# type: matrix
# rows: 1
# columns: 2
 1.29427244624018 1.287863090752719


