# Created by Octave 3.6.3, Mon Dec 24 16:17:14 2012 SAST <nickp@macair.local>
# name: data
# type: matrix
# rows: 1
# columns: 2
 1.291120068522383 1.290424614514975


