# Created by Octave 3.6.3, Mon Dec 24 16:31:45 2012 SAST <nickp@macair.local>
# name: data
# type: matrix
# rows: 1
# columns: 2
 1.91755453560259 1.308911631167813


