# Created by Octave 3.6.3, Mon Dec 24 16:30:59 2012 SAST <nickp@macair.local>
# name: data
# type: matrix
# rows: 1
# columns: 2
 1.295118190155362 1.29491259804481


