# Created by Octave 3.6.3, Mon Dec 24 16:34:07 2012 SAST <nickp@macair.local>
# name: data
# type: matrix
# rows: 1
# columns: 2
 0.7447553157498505 14.59844805231661


