# Created by Octave 3.6.3, Mon Dec 24 16:26:11 2012 SAST <nickp@macair.local>
# name: data
# type: matrix
# rows: 1
# columns: 2
 108.7780630186864 0.144715579335029


