# Created by Octave 3.6.3, Mon Dec 24 16:42:44 2012 SAST <nickp@macair.local>
# name: data
# type: matrix
# rows: 1
# columns: 2
 1.292090975185024 1.293007524197813


