# Created by Octave 3.6.3, Mon Dec 24 16:43:31 2012 SAST <nickp@macair.local>
# name: data
# type: matrix
# rows: 1
# columns: 2
 1.928391902308562 1.309677947137482


