# Created by Octave 3.6.3, Mon Dec 24 16:41:36 2012 SAST <nickp@macair.local>
# name: data
# type: matrix
# rows: 1
# columns: 2
 108.0816852262567 0.1441264612448518


