# Created by Octave 3.6.3, Mon Dec 24 16:16:50 2012 SAST <nickp@macair.local>
# name: data
# type: matrix
# rows: 1
# columns: 2
 1.927766153677183 1.309777913497362


