# Created by Octave 3.6.3, Mon Dec 24 16:41:20 2012 SAST <nickp@macair.local>
# name: data
# type: matrix
# rows: 1
# columns: 2
 1.291479078305502 1.292366950782938


