# Created by Octave 3.6.3, Mon Dec 24 16:20:02 2012 SAST <nickp@macair.local>
# name: data
# type: matrix
# rows: 1
# columns: 2
 118.4872382190126 0.1443932951856808


