# Created by Octave 3.6.3, Mon Dec 24 16:29:13 2012 SAST <nickp@macair.local>
# name: data
# type: matrix
# rows: 1
# columns: 2
 0.6997861052108063 17.69694611927036


