# Created by Octave 3.6.3, Mon Dec 24 16:26:27 2012 SAST <nickp@macair.local>
# name: data
# type: matrix
# rows: 1
# columns: 2
 110.4074480381522 0.1438766368252625


