# Created by Octave 3.6.3, Mon Dec 24 16:34:22 2012 SAST <nickp@macair.local>
# name: data
# type: matrix
# rows: 1
# columns: 2
 1.938054273781143 1.310477228085246


