# Created by Octave 3.6.3, Mon Dec 24 16:26:43 2012 SAST <nickp@macair.local>
# name: data
# type: matrix
# rows: 1
# columns: 2
 0.8101639340853499 11.06229592467827


