# Created by Octave 3.6.3, Mon Dec 24 16:35:02 2012 SAST <nickp@macair.local>
# name: data
# type: matrix
# rows: 1
# columns: 2
 107.2157220641339 0.144818045227803


