# Created by Octave 3.6.3, Mon Dec 24 16:23:35 2012 SAST <nickp@macair.local>
# name: data
# type: matrix
# rows: 1
# columns: 2
 1.291044605218063 1.290598540784696


