# Created by Octave 3.6.3, Mon Dec 24 16:48:41 2012 SAST <nickp@macair.local>
# name: data
# type: matrix
# rows: 1
# columns: 2
 0.7902916314883266 0.4126270736284963


