# Created by Octave 3.6.3, Mon Dec 24 16:37:45 2012 SAST <nickp@macair.local>
# name: data
# type: matrix
# rows: 1
# columns: 2
 108.7235075729045 0.1447735228573568


