# Created by Octave 3.6.3, Mon Dec 24 16:18:38 2012 SAST <nickp@macair.local>
# name: data
# type: matrix
# rows: 1
# columns: 2
 111.902143659948 0.1438280889160395


