# Created by Octave 3.6.3, Mon Dec 24 16:19:45 2012 SAST <nickp@macair.local>
# name: data
# type: matrix
# rows: 1
# columns: 2
 1.912005884545258 1.308543200613488


