# Created by Octave 3.6.3, Mon Dec 24 16:18:53 2012 SAST <nickp@macair.local>
# name: data
# type: matrix
# rows: 1
# columns: 2
 0.7641630221879514 13.40435939391974


