# Created by Octave 3.6.3, Mon Dec 24 16:31:30 2012 SAST <nickp@macair.local>
# name: data
# type: matrix
# rows: 1
# columns: 2
 0.7060947492432917 17.1568183089243


