# Created by Octave 3.6.3, Mon Dec 24 16:27:37 2012 SAST <nickp@macair.local>
# name: data
# type: matrix
# rows: 1
# columns: 2
 106.4352959944593 0.1448050847329038


