# Created by Octave 3.6.3, Mon Dec 24 16:25:14 2012 SAST <nickp@macair.local>
# name: data
# type: matrix
# rows: 1
# columns: 2
 0.7367868932943735 14.9427446271193


