# Created by Octave 3.6.3, Mon Dec 24 16:28:07 2012 SAST <nickp@macair.local>
# name: data
# type: matrix
# rows: 1
# columns: 2
 1.9275551248856 1.309776557945863


