# Created by Octave 3.6.3, Mon Dec 24 16:49:54 2012 SAST <nickp@macair.local>
# name: data
# type: matrix
# rows: 1
# columns: 2
 0.6998051228872253 1.17079959971602


