# Created by Octave 3.6.3, Mon Dec 24 16:36:17 2012 SAST <nickp@macair.local>
# name: data
# type: matrix
# rows: 1
# columns: 2
 1.294426756673123 1.293287917631329


