# Created by Octave 3.6.3, Mon Dec 24 16:46:36 2012 SAST <nickp@macair.local>
# name: data
# type: matrix
# rows: 1
# columns: 2
 3.719322723229764 82.80719311756404


