# Created by Octave 3.6.3, Mon Dec 24 16:22:33 2012 SAST <nickp@macair.local>
# name: data
# type: matrix
# rows: 1
# columns: 2
 0.700993543072429 17.69740256089543


