# Created by Octave 3.6.3, Mon Dec 24 16:33:52 2012 SAST <nickp@macair.local>
# name: data
# type: matrix
# rows: 1
# columns: 2
 107.152304421313 0.1447972906017118


