# Created by Octave 3.6.3, Mon Dec 24 16:22:18 2012 SAST <nickp@macair.local>
# name: data
# type: matrix
# rows: 1
# columns: 2
 107.019533488453 0.1447947878624306


