# Created by Octave 3.6.3, Mon Dec 24 16:42:06 2012 SAST <nickp@macair.local>
# name: data
# type: matrix
# rows: 1
# columns: 2
 0.7886728401421901 12.05874256112762


