# Created by Octave 3.6.3, Mon Dec 24 16:22:57 2012 SAST <nickp@macair.local>
# name: data
# type: matrix
# rows: 1
# columns: 2
 1.293980791893542 1.293353793279886


