# Created by Octave 3.6.3, Mon Dec 24 16:47:43 2012 SAST <nickp@macair.local>
# name: data
# type: matrix
# rows: 1
# columns: 2
 2.751054790483094 0.4658086689932552


