# Created by Octave 3.6.3, Mon Dec 24 16:35:17 2012 SAST <nickp@macair.local>
# name: data
# type: matrix
# rows: 1
# columns: 2
 0.6948160022362884 18.2013026163421


