# Created by Octave 3.6.3, Mon Dec 24 16:48:27 2012 SAST <nickp@macair.local>
# name: data
# type: matrix
# rows: 1
# columns: 2
 0.7901631442446695 0.4126667049412657


