# Created by Octave 3.6.3, Mon Dec 24 16:23:12 2012 SAST <nickp@macair.local>
# name: data
# type: matrix
# rows: 1
# columns: 2
 1.921966441157459 1.309383313813009


