# Created by Octave 3.6.3, Mon Dec 24 16:45:21 2012 SAST <nickp@macair.local>
# name: data
# type: matrix
# rows: 1
# columns: 2
 2.740820664067467 0.4677802859347379


