# Created by Octave 3.6.3, Mon Dec 24 16:47:57 2012 SAST <nickp@macair.local>
# name: data
# type: matrix
# rows: 1
# columns: 2
 2.739141226439231 0.4681184644219326


