# Created by Octave 3.6.3, Mon Dec 24 16:21:23 2012 SAST <nickp@macair.local>
# name: data
# type: matrix
# rows: 1
# columns: 2
 0.7853557672016651 12.19730821014873


