# Created by Octave 3.6.3, Mon Dec 24 16:27:21 2012 SAST <nickp@macair.local>
# name: data
# type: matrix
# rows: 1
# columns: 2
 1.292330481537642 1.291390817554602


