# Created by Octave 3.6.3, Mon Dec 24 16:28:28 2012 SAST <nickp@macair.local>
# name: data
# type: matrix
# rows: 1
# columns: 2
 1.293122547205187 1.29541507338806


