# Created by Octave 3.6.3, Mon Dec 24 16:27:52 2012 SAST <nickp@macair.local>
# name: data
# type: matrix
# rows: 1
# columns: 2
 0.6538118055922701 22.23262340085142


