# Created by Octave 3.6.3, Mon Dec 24 16:45:36 2012 SAST <nickp@macair.local>
# name: data
# type: matrix
# rows: 1
# columns: 2
 2.743222071129049 0.467297808673336


