# Created by Octave 3.6.3, Mon Dec 24 16:33:36 2012 SAST <nickp@macair.local>
# name: data
# type: matrix
# rows: 1
# columns: 2
 1.292202187574818 1.283221899334485


