# Created by Octave 3.6.3, Mon Dec 24 16:35:39 2012 SAST <nickp@macair.local>
# name: data
# type: matrix
# rows: 1
# columns: 2
 1.286717872721646 1.285635615343624


