# Created by Octave 3.6.3, Mon Dec 24 16:21:37 2012 SAST <nickp@macair.local>
# name: data
# type: matrix
# rows: 1
# columns: 2
 1.926265524753193 1.309658735942654


