# Created by Octave 3.6.3, Mon Dec 24 16:43:54 2012 SAST <nickp@macair.local>
# name: data
# type: matrix
# rows: 1
# columns: 2
 1.290430086425289 1.29122176107261


