# Created by Octave 3.6.3, Mon Dec 24 16:18:22 2012 SAST <nickp@macair.local>
# name: data
# type: matrix
# rows: 1
# columns: 2
 1.289171525882182 1.28932671356248


