# Created by Octave 3.6.3, Mon Dec 24 16:29:27 2012 SAST <nickp@macair.local>
# name: data
# type: matrix
# rows: 1
# columns: 2
 1.931883546594545 1.310278258133557


