# Created by Octave 3.6.3, Mon Dec 24 16:44:10 2012 SAST <nickp@macair.local>
# name: data
# type: matrix
# rows: 1
# columns: 2
 112.3727570750248 0.1446403739733632


