# Created by Octave 3.6.3, Mon Dec 24 16:49:12 2012 SAST <nickp@macair.local>
# name: data
# type: matrix
# rows: 1
# columns: 2
 0.790006737749392 0.4126892868858213


