# Created by Octave 3.6.3, Mon Dec 24 16:38:39 2012 SAST <nickp@macair.local>
# name: data
# type: matrix
# rows: 1
# columns: 2
 1.291773620700306 1.296041342045846


