# Created by Octave 3.6.3, Mon Dec 24 16:19:31 2012 SAST <nickp@macair.local>
# name: data
# type: matrix
# rows: 1
# columns: 2
 1.291311556130986 1.291505552312059


