# Created by Octave 3.6.3, Mon Dec 24 16:19:07 2012 SAST <nickp@macair.local>
# name: data
# type: matrix
# rows: 1
# columns: 2
 1.938068334362092 1.310456200352385


