# Created by Octave 3.6.3, Mon Dec 24 16:49:33 2012 SAST <nickp@macair.local>
# name: data
# type: matrix
# rows: 1
# columns: 2
 0.7035351548769537 1.193115967332959


