# Created by Octave 3.6.3, Mon Dec 24 16:39:30 2012 SAST <nickp@macair.local>
# name: data
# type: matrix
# rows: 1
# columns: 2
 0.8118778618709801 10.9846172830604


