# Created by Octave 3.6.3, Mon Dec 24 16:24:06 2012 SAST <nickp@macair.local>
# name: data
# type: matrix
# rows: 1
# columns: 2
 0.7546490185726462 13.64869858365101


