# Created by Octave 3.6.3, Mon Dec 24 16:16:22 2012 SAST <nickp@macair.local>
# name: data
# type: matrix
# rows: 1
# columns: 2
 112.3921018646394 0.1446088558716536


