# Created by Octave 3.6.3, Mon Dec 24 16:43:16 2012 SAST <nickp@macair.local>
# name: data
# type: matrix
# rows: 1
# columns: 2
 0.780996156786825 12.36609154878584


