# Created by Octave 3.6.3, Mon Dec 24 16:24:43 2012 SAST <nickp@macair.local>
# name: data
# type: matrix
# rows: 1
# columns: 2
 1.281673242079359 1.279426317380915


