# Created by Octave 3.6.3, Mon Dec 24 16:32:09 2012 SAST <nickp@macair.local>
# name: data
# type: matrix
# rows: 1
# columns: 2
 1.292779054957661 1.291673968223514


