# Created by Octave 3.6.3, Mon Dec 24 16:38:00 2012 SAST <nickp@macair.local>
# name: data
# type: matrix
# rows: 1
# columns: 2
 0.7572135464155985 13.67958653996116


