# Created by Octave 3.6.3, Mon Dec 24 16:41:51 2012 SAST <nickp@macair.local>
# name: data
# type: matrix
# rows: 1
# columns: 2
 0.7646967904454475 13.37397438739326


