# Created by Octave 3.6.3, Mon Dec 24 16:16:36 2012 SAST <nickp@macair.local>
# name: data
# type: matrix
# rows: 1
# columns: 2
 0.7088125615627252 16.94307580199302


