# Created by Octave 3.6.3, Mon Dec 24 16:42:21 2012 SAST <nickp@macair.local>
# name: data
# type: matrix
# rows: 1
# columns: 2
 1.920428471594265 1.309558310550461


