# Created by Octave 3.6.3, Mon Dec 24 16:43:01 2012 SAST <nickp@macair.local>
# name: data
# type: matrix
# rows: 1
# columns: 2
 106.5472256199637 0.144833024117538


