# Created by Octave 3.6.3, Mon Dec 24 16:31:15 2012 SAST <nickp@macair.local>
# name: data
# type: matrix
# rows: 1
# columns: 2
 111.2222404667241 0.1447385978042107


