# Created by Octave 3.6.3, Mon Dec 24 16:47:13 2012 SAST <nickp@macair.local>
# name: data
# type: matrix
# rows: 1
# columns: 2
 3.757390358976398 86.03237242471216


