# Created by Octave 3.6.3, Mon Dec 24 16:32:25 2012 SAST <nickp@macair.local>
# name: data
# type: matrix
# rows: 1
# columns: 2
 1.933567861386355 1.310092609433404


