# Created by Octave 3.6.3, Mon Dec 24 16:25:54 2012 SAST <nickp@macair.local>
# name: data
# type: matrix
# rows: 1
# columns: 2
 1.29624460247477 1.295949328629673


