# Created by Octave 3.6.3, Mon Dec 24 16:20:30 2012 SAST <nickp@macair.local>
# name: data
# type: matrix
# rows: 1
# columns: 2
 1.925393393709782 1.309498460389485


