# Created by Octave 3.6.3, Mon Dec 24 16:36:33 2012 SAST <nickp@macair.local>
# name: data
# type: matrix
# rows: 1
# columns: 2
 109.4337895914357 0.1451058779588662


