# Created by Octave 3.6.3, Mon Dec 24 16:40:41 2012 SAST <nickp@macair.local>
# name: data
# type: matrix
# rows: 1
# columns: 2
 0.7904755907272969 11.82524609987182


