# Created by Octave 3.6.3, Mon Dec 24 16:22:01 2012 SAST <nickp@macair.local>
# name: data
# type: matrix
# rows: 1
# columns: 2
 1.293272428112593 1.291908232166598


