# Created by Octave 3.6.3, Mon Dec 24 16:25:29 2012 SAST <nickp@macair.local>
# name: data
# type: matrix
# rows: 1
# columns: 2
 1.929366689686396 1.309882669039098


