# Created by Octave 3.6.3, Mon Dec 24 16:37:04 2012 SAST <nickp@macair.local>
# name: data
# type: matrix
# rows: 1
# columns: 2
 1.91796268032765 1.308878010142593


