# Created by Octave 3.6.3, Mon Dec 24 16:30:06 2012 SAST <nickp@macair.local>
# name: data
# type: matrix
# rows: 1
# columns: 2
 106.4445894870947 0.1448348977360154


