# Created by Octave 3.6.3, Mon Dec 24 16:25:00 2012 SAST <nickp@macair.local>
# name: data
# type: matrix
# rows: 1
# columns: 2
 111.5580063322471 0.1446435840431624


