# Created by Octave 3.6.3, Mon Dec 24 16:48:12 2012 SAST <nickp@macair.local>
# name: data
# type: matrix
# rows: 1
# columns: 2
 0.7901570378817028 0.4126491336247107


