# Created by Octave 3.6.3, Mon Dec 24 16:20:16 2012 SAST <nickp@macair.local>
# name: data
# type: matrix
# rows: 1
# columns: 2
 0.7438698749584967 14.55643491457664


