# Created by Octave 3.6.3, Mon Dec 24 16:17:30 2012 SAST <nickp@macair.local>
# name: data
# type: matrix
# rows: 1
# columns: 2
 113.7191798000281 0.1446587276623003


