# Created by Octave 3.6.3, Mon Dec 24 16:47:29 2012 SAST <nickp@macair.local>
# name: data
# type: matrix
# rows: 1
# columns: 2
 2.750006257200133 0.466005523864334


