# Created by Octave 3.6.3, Mon Dec 24 16:28:43 2012 SAST <nickp@macair.local>
# name: data
# type: matrix
# rows: 1
# columns: 2
 111.9379735553999 0.1451500099226559


