# Created by Octave 3.6.3, Mon Dec 24 16:33:11 2012 SAST <nickp@macair.local>
# name: data
# type: matrix
# rows: 1
# columns: 2
 1.923868826761363 1.309920008836332


