# Created by Octave 3.6.3, Mon Dec 24 16:24:20 2012 SAST <nickp@macair.local>
# name: data
# type: matrix
# rows: 1
# columns: 2
 1.923111148156849 1.309298578164955


