# Created by Octave 3.6.3, Mon Dec 24 16:17:45 2012 SAST <nickp@macair.local>
# name: data
# type: matrix
# rows: 1
# columns: 2
 0.7544066495073212 13.83080897631787


