# Created by Octave 3.6.3, Mon Dec 24 16:46:16 2012 SAST <nickp@macair.local>
# name: data
# type: matrix
# rows: 1
# columns: 2
 3.756428589866007 86.81489703201449


