# Created by Octave 3.6.3, Mon Dec 24 16:21:09 2012 SAST <nickp@macair.local>
# name: data
# type: matrix
# rows: 1
# columns: 2
 109.0514869656891 0.1447335510908829


