# Created by Octave 3.6.3, Mon Dec 24 16:34:45 2012 SAST <nickp@macair.local>
# name: data
# type: matrix
# rows: 1
# columns: 2
 1.288337056455975 1.287310301702467


