# Created by Octave 3.6.3, Mon Dec 24 16:40:09 2012 SAST <nickp@macair.local>
# name: data
# type: matrix
# rows: 1
# columns: 2
 1.287991631329285 1.288932465382571


