# Created by Octave 3.6.3, Mon Dec 24 16:36:49 2012 SAST <nickp@macair.local>
# name: data
# type: matrix
# rows: 1
# columns: 2
 0.7099423659291574 16.85522428406734


