# Created by Octave 3.6.3, Mon Dec 24 16:39:14 2012 SAST <nickp@macair.local>
# name: data
# type: matrix
# rows: 1
# columns: 2
 132.6496348210067 0.1442906452422429


