# Created by Octave 3.6.3, Mon Dec 24 16:20:52 2012 SAST <nickp@macair.local>
# name: data
# type: matrix
# rows: 1
# columns: 2
 1.292178800252686 1.290406144888727


