# Created by Octave 3.6.3, Mon Dec 24 16:40:26 2012 SAST <nickp@macair.local>
# name: data
# type: matrix
# rows: 1
# columns: 2
 115.8619118917539 0.1445094144270833


