# Created by Octave 3.6.3, Mon Dec 24 16:26:58 2012 SAST <nickp@macair.local>
# name: data
# type: matrix
# rows: 1
# columns: 2
 1.948803987097477 1.311065211957017


