# Created by Octave 3.6.3, Mon Dec 24 16:44:25 2012 SAST <nickp@macair.local>
# name: data
# type: matrix
# rows: 1
# columns: 2
 0.7926677789194586 11.71414498007931


