# Created by Octave 3.6.3, Mon Dec 24 16:44:41 2012 SAST <nickp@macair.local>
# name: data
# type: matrix
# rows: 1
# columns: 2
 1.95298628694518 1.311589374418655


