# Created by Octave 3.6.3, Mon Dec 24 16:37:27 2012 SAST <nickp@macair.local>
# name: data
# type: matrix
# rows: 1
# columns: 2
 1.296345998474407 1.295233807065966


