# Created by Octave 3.6.3, Mon Dec 24 16:38:56 2012 SAST <nickp@macair.local>
# name: data
# type: matrix
# rows: 1
# columns: 2
 107.0726410133746 0.144776568850238


