# Created by Octave 3.6.3, Mon Dec 24 16:45:57 2012 SAST <nickp@macair.local>
# name: data
# type: matrix
# rows: 1
# columns: 2
 3.644472782071906 103.8775908601497


