# Created by Octave 3.6.3, Mon Dec 24 16:32:57 2012 SAST <nickp@macair.local>
# name: data
# type: matrix
# rows: 1
# columns: 2
 0.7645165717609403 13.3983676646005


