# Created by Octave 3.6.3, Mon Dec 24 16:32:41 2012 SAST <nickp@macair.local>
# name: data
# type: matrix
# rows: 1
# columns: 2
 106.3860402696902 0.1448342873761017


