# Created by Octave 3.6.3, Mon Dec 24 16:30:35 2012 SAST <nickp@macair.local>
# name: data
# type: matrix
# rows: 1
# columns: 2
 1.918704981183567 1.309006634781865


