# Created by Octave 3.6.3, Mon Dec 24 16:38:16 2012 SAST <nickp@macair.local>
# name: data
# type: matrix
# rows: 1
# columns: 2
 1.941276245297754 1.310456186220029


