# Created by Octave 3.6.3, Mon Dec 24 16:45:05 2012 SAST <nickp@macair.local>
# name: data
# type: matrix
# rows: 1
# columns: 2
 1.274724156869826 1.273113432705398


