# Created by Octave 3.6.3, Mon Dec 24 16:46:54 2012 SAST <nickp@macair.local>
# name: data
# type: matrix
# rows: 1
# columns: 2
 3.655274469359833 103.3140788885175


