# Created by Octave 3.6.3, Wed Jan 09 00:54:15 2013 SAST <nickp@macair>
# name: results
# type: matrix
# rows: 20
# columns: 16
 1.00000256884898 1.000012595267032 1.000003355233986 1.000004731403243 1.008600492710218 1.297917560814393 1.000886230950967 1.002922505655319 1.193828567172302 1.116354468878203 1.00087942504977 1.002247927199129 1.286820025064185 1.000079741054519 1.000669558030818 1.000004246466826
 1.000002571683007 1.000012609162447 1.000003358935588 1.000004736623053 1.008609937318798 1.298199517122252 1.000887208201689 1.002925724791117 1.194021803426043 1.116475177215014 1.000880394799013 1.002250404185125 1.287092965868395 1.000079829023327 1.000670296441218 1.000004251151637
 1.000002756226536 1.000013513996094 1.000003599972701 1.00000507652233 1.009228515435354 1.320495109385748 1.000950881829958 1.003135758517453 1.208321912478222 1.124968510061886 1.00094357937658 1.002411942603739 1.308525460710404 1.00008555760021 1.000718401196137 1.000004556213625
 1.000002589864513 1.000012698307922 1.000003382682923 1.000004770110433 1.008670825244951 1.300332649058874 1.000893480836715 1.002946411240408 1.195403335556871 1.117301981469271 1.000886619261021 1.002266315413569 1.289145591989039 1.000080393406581 1.00067503545952 1.000004281206794
 1.000002671495006 1.000013098549089 1.000003489302757 1.000004920460481 1.008943940774771 1.309694960332456 1.000921640681517 1.003039258505216 1.201503136814996 1.120973306530102 1.000914562861914 1.002337735269483 1.298159579334339 1.000082927327768 1.000696310919774 1.000004416147056
 1.000002724290825 1.000013357412408 1.000003558260569 1.000005017701951 1.009121565528223 1.316704670968382 1.000939863991067 1.003099422929943 1.205882114506905 1.123513214342545 1.000932646153661 1.002383994656053 1.30488074344084 1.000084566264302 1.000710077143509 1.0000045034219
 1.000002570841035 1.000012605034289 1.000003357835845 1.000004735072294 1.008607211852083 1.2981957774012 1.00088691872435 1.002924777731534 1.194000471649469 1.116452983822191 1.000880107536991 1.002249673807183 1.287086537065686 1.00007980289519 1.00067007755334 1.000004249759816
 1.000002639283039 1.000012940611543 1.000003447229729 1.000004861131368 1.008836570475757 1.306406704451933 1.000910532901223 1.003002667012391 1.199278504751557 1.119593436632292 1.000903540347778 1.002309580123197 1.294981386396673 1.000081927458592 1.000687917922643 1.000004362898726
 1.000002574352254 1.000012622250199 1.000003362421942 1.000004741539396 1.008619029666757 1.298680150462106 1.000888130722187 1.00292877952022 1.194297912305906 1.11662364486556 1.000881310222583 1.002252750618782 1.287550081565306 1.000079911893835 1.000670993110509 1.000004255564085
 1.000002583520037 1.000012667200645 1.000003374396225 1.000004758424964 1.008649741189189 1.299769238462257 1.000891293716096 1.002939211488559 1.195000036598262 1.117042456619817 1.000884448924188 1.002260774295251 1.288597550841154 1.00008019647745 1.000673382755003 1.000004270719001
 1.000002572407638 1.000012612715568 1.000003359882035 1.000004737957726 1.008612501149486 1.298436784469402 1.000887459655347 1.002926565105841 1.194143158294551 1.116532523786534 1.000880644310414 1.002251047708778 1.287316318893759 1.00007985152857 1.000670486146682 1.000004252349519
 1.000002574583989 1.000012623386382 1.000003362724625 1.00000474196621 1.008619774440251 1.298675225855091 1.000888210338603 1.002929039560198 1.194301199083342 1.116628802824422 1.000881389229566 1.002252951274072 1.287546318112468 1.000079919084798 1.000671053322468 1.000004255947165
 1.000002587327047 1.000012685867039 1.00000337936861 1.000004765436905 1.008662745458459 1.300478828476257 1.000892609852423 1.002943572536665 1.195406459445136 1.117259537231379 1.000885754932213 1.002264123408193 1.289272354255012 1.000080314674703 1.000674376602778 1.000004277012252
 1.000002643701993 1.000012962277995 1.000003453001442 1.000004869270357 1.008851328535151 1.306879261025741 1.000912057013921 1.003007690101178 1.199594410460933 1.119787113286656 1.00090505275888 1.002313444522993 1.295437626828463 1.000082064626642 1.000689069479829 1.000004370203515
 1.000002577107411 1.000012635758991 1.000003366020528 1.000004746613948 1.008628265249334 1.299015945138638 1.000889081346864 1.002931915282736 1.19451237077816 1.116750700269231 1.000882253545717 1.002255162347037 1.287872719136025 1.000079997419255 1.000671711296514 1.000004260118529
 1.000002577710459 1.000012638715833 1.000003366808168 1.000004747724677 1.008630337551782 1.299136071209981 1.000889289962767 1.002932607539374 1.194580904274298 1.116786868480149 1.000882460555014 1.002255693718875 1.287986958384855 1.000080016143282 1.000671868802927 1.000004261115418
 1.000002739701225 1.000013432970902 1.000003578388584 1.000005046085368 1.009173031834485 1.318409316022665 1.000945179071282 1.003116939989952 1.207000834819092 1.124192504315167 1.000937920425922 1.00239747102926 1.306522883041461 1.000085044615928 1.000714093003219 1.000004528896258
 1.000002577306918 1.00001263673713 1.000003366281113 1.000004746981402 1.008628889726296 1.298990854350319 1.000889149714186 1.002932137232184 1.194506413893526 1.116752003623833 1.000882321391098 1.002255333957716 1.287850154972029 1.000080003608427 1.000671763033947 1.000004260448313
 1.000002589968418 1.000012698817791 1.000003382818567 1.000004770301873 1.008671530792557 1.300714053883739 1.000893520489706 1.002946570867361 1.195575657725148 1.11736838295051 1.000886658581001 1.002266430846381 1.289501345912983 1.000080396662184 1.000675064713728 1.000004281378607
 1.000002685203169 1.000013165761542 1.000003507207327 1.00000494570871 1.008989973091773 1.311434166353672 1.000926371340399 1.00305486978681 1.202602807343443 1.121618383919415 1.000919257180088 1.002349740301208 1.299829101835821 1.000083352861838 1.000699884718444 1.000004438807504


# name: spread
# type: matrix
# rows: 1
# columns: 16
 40.435 42.9082 74.65660000000001 7.3592 1747.5554 1408.7436 1197.3512 533.0393 1248.9075 616.5249 174.1819 151.6571 791.9081000000001 630.7621 123.7231 146.2071


