# Created by Octave 3.6.3, Wed Jan 09 00:26:51 2013 SAST <nickp@macair>
# name: results
# type: matrix
# rows: 20
# columns: 13
 0.9569132756080719 0.9999059173444151 0.9999925261826906 0.8126923484547646 0.2851876935751694 1.129611874788066 0.5941617412804192 1.020275800690861 0.9511804677210772 0.2907507588251883 0.9335922435967093 0.9335922435967093 0.4212647503843076
 0.9569077962174933 0.9999058674947652 0.9999925255247697 0.8125909960765505 0.2854400820464786 1.128163077977243 0.5938001890059448 1.020329622918716 0.9512134615115548 0.2899240393092018 0.9336135422633015 0.9336135422633015 0.4208235835418428
 0.957244488725813 0.9999058850520957 0.9999925131884506 0.8138788721224807 0.2880440515039803 1.128943546104512 0.5943134286657711 1.020179755457554 0.9509264041041149 0.2908561229486685 0.9333108991995268 0.9333108991995268 0.421017650769895
 0.9572119102913722 0.9999059771087789 0.9999925232028171 0.8139291321124014 0.2878757195161351 1.129368629062976 0.5947848818650142 1.020182836250745 0.9510434559780896 0.290911388054016 0.9334254827402695 0.9334254827402695 0.420825722175347
 0.9569844995175097 0.9999058589428816 0.9999925213165958 0.8128888283202339 0.2860160387222072 1.128167455487805 0.5938643346977116 1.020297779856529 0.9511364137880776 0.2899432816710315 0.9335343017870859 0.9335343017870859 0.4210117641359253
 0.9568442247627786 0.9999058655583135 0.9999925277700752 0.8124258855439747 0.2849400044278328 1.128470542879412 0.5936680285341948 1.020358046900884 0.9512654809062777 0.2892964958133554 0.9336595814915556 0.9336595814915556 0.4206669328355746
 0.9612770652451544 0.9999053435403497 0.9999922987213794 0.8297304399240377 0.3199333941195093 1.155059901529976 0.5970313147598884 1.018408777163897 0.9468399804001391 0.2946344698628663 0.9286516267055684 0.9286516267055684 0.419867233810814
 0.9611496078013422 0.9999053120520887 0.9999923008860355 0.8292467399112097 0.3186010834686329 1.154240225695134 0.5967221277991974 1.018464603864717 0.9469243937242697 0.2938675278532271 0.9287303353182923 0.9287303353182923 0.4198041933450481
 0.9620101064798722 0.9999053196512623 0.9999922691164208 0.8327776136787218 0.3271976360080296 1.148888013233778 0.597482142231709 1.018163745969955 0.9462519880998527 0.2929313273301096 0.9280100575519591 0.9280100575519591 0.4162272893511937
 0.956860136669509 0.9999058780458252 0.999992529164121 0.8124216674243235 0.2851420053967841 1.128243106276981 0.5937974487754148 1.020354547475051 0.9512751930528245 0.2898690734674097 0.9336768640482742 0.9336768640482742 0.4205957575723391
 0.952473742647309 0.9999067513095542 0.9999927036549728 0.7873599480304649 0.2519182913469353 1.173073271497178 0.5960569234735645 1.020912245120872 0.9541769416682319 0.313171649075404 0.9377544607030351 0.9377544607030351 0.4046761259145588
 0.9496446013870458 0.9999065150925238 0.9999927849928507 0.7778058111571131 0.2359022559354214 1.161641052214726 0.5914681601694451 1.022018185159144 0.9562207136011371 0.3044482157227875 0.9398485255120738 0.9398485255120738 0.4069551731264463
 0.9573003952816223 0.9999059561519656 0.9999925178896801 0.8141497501931141 0.2886555591622011 1.128998675237267 0.5947496443302867 1.02014793698999 0.9509429978606155 0.2914351468484952 0.9333306425012938 0.9333306425012938 0.4209830447416337
 0.9570893084255497 0.9999058648023559 0.9999925176238501 0.8132878943863199 0.2868484934988786 1.128374784668087 0.5940202009282773 1.020247023102824 0.9510433461217983 0.290369247722045 0.9334327784645804 0.9334327784645804 0.4211197790774763
 0.9610015187290128 0.999905316495731 0.9999923080443863 0.8285422379285059 0.3168532758634788 1.159908235968048 0.5967217735741706 1.018511058367953 0.9470570128807567 0.2953295705983462 0.9288733581298905 0.9288733581298905 0.4255139778133695
 0.9589015160594606 0.9999061620487204 0.9999924759193811 0.8202795006629877 0.3023736232280506 1.132889055068247 0.5977668713521125 1.019483333569705 0.9497966727881064 0.295982122178558 0.9321200219496814 0.9321200219496814 0.4203480326361018
 0.9573164135561747 0.9999059298910949 0.9999925144848285 0.8141708232640013 0.2886014275355939 1.129423645256436 0.5946580115057052 1.020140201729525 0.9509014698140255 0.2914035320807041 0.9332843976451485 0.9332843976451485 0.4211877442171179
 0.9497206897023731 0.9999064924758511 0.9999927806530011 0.7780699238351568 0.2359022650539468 1.158757234694918 0.5914145185611325 1.021998382190988 0.9561490371141383 0.3048493282934918 0.9397754691918673 0.9397754691918673 0.4077021670827294
 0.9570623055030596 0.9999058371249621 0.9999925164162309 0.8131836188973579 0.2865841943162849 1.128254904426797 0.5938191641702505 1.020265352676473 0.9510461495399739 0.2899795553467396 0.9334312088510418 0.9334312088510418 0.4207472389670702
 0.9616202536521111 0.9999052574048497 0.9999922780155852 0.8312669689871263 0.3232805854694866 1.150702296866035 0.5968285907425269 1.018304888045173 0.946504326376011 0.2921589027283548 0.9282475138450554 0.9282475138450554 0.4168555308239922


# name: spread
# type: matrix
# rows: 1
# columns: 13
 0.3297 0.06280000000000001 0.1027 0.224 1.0277 14.7381 5.6277 0.9610000000000001 10.2662 6.2828 6.5615 6.5615 102.5135


