# Created by Octave 3.6.3, Tue Jan 08 22:20:09 2013 SAST <nickp@macair>
# name: results
# type: matrix
# rows: 20
# columns: 18
 7.350100073459918 5.249468121082348 3.09202854135182 10.28041825852322 78.39268971693298 1.870652743746055 4.17756469582122 11.6720648852331 1.782352892320873 1.307710805278367 1 1.000041983078737 4.441870814541399 0.8248883504717852 1.186337565778018 5.533817066995194 2.700210895209331 389.9522664431902
 5.933553609112643 4.756533469535004 3.075509040031217 8.03117229271551 51.83557763733073 1.655278529201279 3.389389242235378 7.13359855442615 1.599013667677472 1.237793746630869 1 1.000034066722139 3.541421714875877 0.857029168694867 1.144898043774892 4.311323164561229 2.340810041467874 191.0731079452308
 5.798765212116809 4.822588443297354 3.141684504323932 7.866808625328383 50.81796408455952 1.593480134268186 3.141838373024114 5.822384417561775 1.540516831799854 1.220267070976854 1 1.000038165909367 3.2797081320012 0.8658821110268442 1.131166232554609 3.97175018750452 2.292136412211351 162.4224527841822
 6.37692676095171 4.888771114973903 3.064806431660045 8.718753420224909 59.16386900112283 1.733436377721264 3.672369440820443 8.684996641891697 1.66684482507708 1.263155781065986 1 1.000035915014065 3.859026187204537 0.8449690262266235 1.160592118183056 4.736883189183144 2.458379388477027 246.3320829809182
 6.443245445151572 4.88207026478341 3.048366358125222 8.849443408056574 60.47536021819939 1.746890086870006 3.692789564679003 8.983634375308888 1.675576799552487 1.271361023119658 1 1.000045150480189 3.880830104456571 0.8427466072173069 1.164379416730227 4.763007162158194 2.471193924896507 246.8383206469324
 7.260419753917795 5.185785177950907 3.056697947119497 10.13019738135865 76.66812583739868 1.86717179209046 4.165522562817999 11.65699495826405 1.779112536373421 1.3066546000686 1 1.000042580537749 4.429833442258924 0.8253711262541934 1.186371754932422 5.505470543314947 2.688899770335802 380.4923309583041
 6.295375780639888 5.007798247688307 3.155849836335521 8.586105338712834 58.4310241123126 1.680531259052351 3.495879640996218 7.356714991231246 1.622533390001996 1.241809162109029 1 1.000026056313885 3.674208438971339 0.8523476890471561 1.1472249291761 4.50894723788685 2.426997109460165 232.4174786625295
 6.317636974893521 4.838283924227294 3.036286180791999 8.626240105819388 58.27332898575509 1.732395685127814 3.665828968117386 8.699951422933113 1.665246566862667 1.263574316996425 1 1.000037735181488 3.852046719351365 0.845183324019921 1.161065799171877 4.718119908222842 2.450626182584182 240.5570623466832
 6.326394409100508 5.011696977226205 3.128146056417985 8.611383462598914 58.48650649786412 1.68825491994273 3.523720360921891 7.430182588572657 1.630497143168804 1.241021926514219 1 1.0000207089562 3.7152184880818 0.8509116901435229 1.147549975855594 4.564913512544653 2.449400850675744 243.9383450921461
 6.905969772789173 4.9884006510231 3.056077718732477 9.636656650489162 71.01971230916634 1.835025962215983 4.029342956942986 11.42510943780296 1.746524449812215 1.308671483004534 1 1.000087667423463 4.234179911695533 0.830803152264192 1.186418696836427 5.20970312425548 2.565891970948624 300.0235301308741
 7.354761238850141 5.270600216280582 3.097157423074335 10.2811109367588 79.30137248101258 1.868610226509778 4.193394149249096 11.66006638302334 1.780989865254354 1.30638390452637 1 1.000042369072138 4.460835857142573 0.8251870433817379 1.186514066820483 5.551638499537967 2.703970029865697 396.7442541363893
 6.580585407429966 5.035999059000118 3.09878224527306 9.005093618704445 62.65233679210218 1.747689343103203 3.748029213556936 8.775478487703328 1.682186280186896 1.261488116385108 1 1.000024783850675 3.9590936707354 0.84243388056963 1.160618052809825 4.885287700890244 2.517069737792138 283.0943750640472
 6.317858152931685 4.989689508283767 3.132279940626499 8.630392559603406 59.0049385542629 1.68919516512135 3.516256191775692 7.528884283280138 1.628567801358106 1.246298642785476 1 1.000029383937393 3.697865457779579 0.8509128734916607 1.149598444358617 4.534838381028888 2.436660051426037 233.8905255144629
 6.944796971616373 5.046057096758247 3.094389405122015 9.691155676862737 71.5921885486063 1.829569284671451 4.020506235928465 11.21167340121847 1.743478630621009 1.305141302389262 1 1.000078835270721 4.224660608463926 0.8315688017777888 1.184325634745611 5.209531329247374 2.568337813173069 305.2022350361818
 6.314215527818644 4.941075285965558 3.051320080343656 8.582424387464281 57.4383421588184 1.699997159398353 3.532949611775402 7.582001436843418 1.639625112500824 1.244150364206899 1 1.000018469966542 3.738708966017208 0.8486725231768361 1.149653651908772 4.592328591121263 2.46918006806054 246.668018634113
 6.324150154458042 5.003335944320837 3.133810432864987 8.633175213933349 59.41867201700138 1.689094248785222 3.526962744403855 7.511063739137267 1.628951531510869 1.245279001040909 1 1.00002796331158 3.711916922367464 0.8509475169758383 1.149467668676232 4.550729837473952 2.442171984136123 237.7104176113111
 6.272268679285322 4.933142035100499 3.099826167942517 8.56694272482236 58.07398190953761 1.690634979436034 3.50622631228239 7.598924471482448 1.628458238660961 1.24857024175868 1 1.000032750299283 3.686217174919063 0.8506630988631307 1.150779661492222 4.513407947642659 2.429157247120596 227.0705601828147
 6.28277427858573 4.977976946007757 3.15113509272179 8.601440823809014 59.15234703238495 1.68287812145914 3.493771177425937 7.497968053818041 1.621136425874936 1.248318259731954 1 1.000039805351276 3.663157394301274 0.8521438657638716 1.150288836422207 4.48137831467943 2.414960220426285 222.5496301397313
 6.29824166886352 4.989973604067266 3.141053977551973 8.596408436109549 58.47380813503979 1.68465981364215 3.502570455054862 7.44738416911189 1.625287516759387 1.244207508756674 1 1.000027993914066 3.681522452234635 0.8516655162196238 1.148419312052847 4.516161382676738 2.429304232757765 231.6955535688074
 6.309787427413091 4.821334445224307 3.027101854764749 8.618018841873292 58.06758689921874 1.734199989421773 3.666143252813977 8.760707024587969 1.666279394193575 1.264973433214504 1 1.000039712576483 3.851282428820268 0.844914769794609 1.161723413316508 4.715542187573611 2.448569996698436 238.5345751714262


# name: spread
# type: matrix
# rows: 1
# columns: 18
 7 50 18 18 100 6 33 97 6 4 0 3 69 2 4 18 17 1355.9883


