# Created by Octave 3.6.3, Tue Jan 08 23:07:48 2013 SAST <nickp@macair>
# name: results
# type: matrix
# rows: 20
# columns: 28
 7.410351255274221 8.508523489849495 4.436244035280487 2.884262372423656 0.7309555158762207 0.9209351553211217 0.4147450043592518 0.2235346187252767 0.2396446275810309 0.3771350601771546 8.076436845044586 14.42031153753967 10.81770843298658 1.805029374089975 1.525432360599779 3.389781315018708 0.3065109514144058 0.6963154356024863 0.8434282751753169 0.8889017968228536 2.802604847408535 6.122071128641603 3.478816541846649 3.912314604422938 2.464444780949007 1.704585250749256 0.8442419537588992 1
 6.614447965193126 7.238830558069832 3.775703667059285 2.72229145273764 0.7613778687292051 1.118753946575001 0.4789853095406716 0.2721472518435469 0.3033101963327333 0.4367031854321363 7.566353867594149 11.58749173577581 9.226185648714299 1.977690476430581 1.435472185910085 3.041018439691664 0.3710191772911157 0.7381643294615374 0.8691439617129416 0.9069698142957481 3.010679378596649 5.609250963731323 3.181089579105016 3.878807805943996 2.444070813136643 1.563124396411198 0.7934090727205895 1
 8.326625556021865 10.71141747942971 4.530648507168329 2.003420087164073 0.603180578802659 0.9375843378894974 0.3507422918695947 0.1902901418879619 0.169501383044341 0.3086723633726723 8.131968700999854 21.48180471146991 13.30981930436793 1.214172243882689 1.615212458229356 3.863664017082213 0.252287006238453 0.6384636331608987 0.7978859826940823 0.858334472717775 1.656176802902167 6.763795482782043 3.485590784628656 3.490080792695518 2.232326142305441 1.402002450732314 0.8179486526871036 1
 8.844976000189193 11.15332793608417 5.17041801352268 2.428316283441874 0.6648878135880547 0.7718361113701993 0.3322582256493335 0.1668431658772553 0.1566862599758073 0.2923115622283989 8.693929213606099 21.72332102222408 14.07034136723867 1.44498342381878 1.657641000228228 4.028078912583664 0.2306323046976613 0.6289466123567298 0.7976019497038807 0.8561185946337722 1.943577010459463 7.005854004613428 3.746904627385211 3.768322048987162 2.351617286462909 1.594932599371709 0.8545168970132487 1
 8.293146250623538 10.69313807152222 4.505569514028786 1.976412699319376 0.5989256710398272 0.9359641676994161 0.3521854258295734 0.1921568951174471 0.1703325165424601 0.3099974015363304 8.106119752588178 21.45249022247058 13.27205309329654 1.207095880549419 1.612402517180027 3.855926370115673 0.2539879193459246 0.6394045936692679 0.798069586432345 0.8586534094102943 1.629819599889016 6.762944151240937 3.476667303537192 3.466251637692898 2.232557041872745 1.39023022975237 0.8163371995898082 1
 5.742048648213118 6.179737862846071 3.21165862340754 2.634196050238332 0.6804368285887042 0.9485911710054528 0.5587808615711293 0.4155586032734892 0.3897235630390842 0.5387794081061651 6.769341784508853 9.578159992841059 7.86462920013038 1.485849831810669 1.340315879199286 2.726077306396084 0.4712720503398065 0.790835213188078 0.8848471799164059 0.9250655353272078 2.556032989992998 5.138377023246076 2.931443728686193 3.299026817244991 2.484168572203878 1.611451207141487 0.876224023723388 1
 6.208572879253543 6.740415741957084 3.596086820511676 2.754834181595907 0.7302825194220512 0.9551605396021657 0.5141287760778283 0.3334590240365741 0.3335502252610009 0.4830442828197582 7.245841514659628 10.50571358460572 8.56424221075909 1.814532423214166 1.394942076672049 2.888531313145519 0.4137728069722302 0.7622370912291702 0.8777306254514722 0.9159915165063275 2.67576865980949 5.395715959705348 3.11759708468257 3.641089464044745 2.485060270952121 1.657948933768353 0.8718519618799671 1
 5.772210041304159 6.247499261077211 3.222543796467664 2.596125726002401 0.6697187137583999 0.9525947833324419 0.5541284929563235 0.4139077895269136 0.3843830280930408 0.5343893128411044 6.756400682468073 9.756536151967509 7.940107386825465 1.435205458813687 1.344161122839879 2.743483150883113 0.467167454643119 0.7879207386208046 0.8821446587339236 0.9235074802793956 2.486999854504831 5.160762877414782 2.932578588959144 3.261591910010699 2.475077416320998 1.599559408383181 0.8766425178264278 1
 5.756141283160342 6.221715708617397 3.20991840970057 2.590828236372007 0.6693345174689191 0.9544385007048837 0.5558449970860088 0.4166443016523492 0.3865051937427745 0.536393567687433 6.741886513681504 9.704533036669474 7.910047737543837 1.433733780520952 1.342141913738348 2.736551177567993 0.4692518299808375 0.7890590647603445 0.882624497343427 0.923919260334666 2.487998471780839 5.147696368592857 2.925339384349753 3.254243268207762 2.47460210197237 1.596531065909643 0.8763890016142077 1
 5.971207121604166 6.52737467909849 3.349376873630263 2.581091344476245 0.6676409967052813 0.9643588307303276 0.5319812854603087 0.3834391475404956 0.3580188911693181 0.508862139568952 6.893054506983009 10.34843541121382 8.293419318190034 1.446831341549317 1.36653565246248 2.825420096567588 0.4414682311369101 0.7741676125216005 0.8755246424432067 0.9181637865878478 2.430181377516722 5.278134433671908 2.989337951387969 3.308023211262682 2.463063370919935 1.593724236622706 0.8710780639763337 1
 7.216678332992104 7.926740930593947 4.200137221063957 2.884767327359119 0.8360772830242768 1.078122072297871 0.4433303744674649 0.1700090580324331 0.2724808737798579 0.3726402677091441 8.218247394854846 12.70904924570136 10.09047118842278 2.136666524517223 1.489848161516883 3.216637473381108 0.317962799596947 0.7063419649356494 0.8683846797606344 0.89629690272673 3.655547217014348 5.897000913013501 3.268394540769469 4.439813909416977 2.438202277518561 1.467733026682739 0.7294709102166798 1
 7.668966026270978 8.982623494537687 4.623728389736556 2.853040842556957 0.7018597942187977 0.8319284367083494 0.396405426779377 0.2115315761795631 0.2194511690235963 0.3588276012929928 8.184058874646576 15.58920479318522 11.40608289938115 1.642632604606967 1.551342052883805 3.510245250072118 0.2894348709601465 0.6827571882153476 0.8338488090410693 0.8823211938065013 2.496992270266716 6.290634343895284 3.542841866387119 3.828196012019466 2.457285874700847 1.715194095106199 0.8597024955426441 1
 5.731804333498015 6.166098681422128 3.204320784440183 2.628554627025578 0.6795497753492227 0.9485617896668701 0.5598181428563872 0.4176009613397708 0.3911016796600875 0.5402026944401146 6.75881601957616 9.55169673657918 7.846411789773461 1.482027776669306 1.339226679142171 2.721931707908193 0.4726146289370472 0.7915383876863225 0.8850710947757126 0.9253160989986987 2.552412066408289 5.130549902598776 2.92705239740061 3.29234758612705 2.483392040023691 1.609293045149857 0.8764470479809365 1
 10.15673754604106 24.9508086039823 4.991985579506556 2.341891834162933 0.8802564709489512 1.239127735829407 0.2904056329013316 0.08825362513831213 0.1603686672012363 0.2033232754106726 9.921224309037571 65.46711530257973 21.9406462412174 1.311753183541421 1.918604595666319 5.681855404508435 0.1914341763622227 0.5514980272447857 0.7237154619858073 0.7981579022351186 2.786359388872563 15.39818820355452 5.074501870051362 4.814016860658156 3.745093258260948 1.369096905007884 0.698698616400659 1
 6.721149438950737 7.40490651565817 3.851145035477532 2.71357097072159 0.7608232187890347 1.110521659847956 0.4696562737588008 0.260234631348105 0.2958814238754719 0.4265807710516408 7.622844466938839 11.96742792687017 9.435190002766294 1.938973722554976 1.447226020000257 3.087313741282937 0.3608253806024967 0.7315138987972701 0.8656685367827016 0.9041536365308287 3.048109270124774 5.673662768436562 3.208172239102145 3.892962208501573 2.43601640301858 1.555701785183339 0.7876970332683465 1
