# Created by Octave 3.6.3, Tue Jan 08 23:48:31 2013 SAST <nickp@macair>
# name: results
# type: matrix
# rows: 20
# columns: 49
 6.517526121851589 4.543772275805884 1.590016217484827 1.008281913935424 7.143351778278404 0.9919810438209083 0.9999999420982628 1.077103880095269 1 1.004858992481871 1.000005527322281 0.9274937200142649 12.78489343326195 3.59533668991874 3.575370524278759 1.000000000175636 6.180515850645103 1.000044260202302 2.529702639230129 1.002242324850239 0.8796185228958316 1.623381992459248 1.307582078897364 1.001030858716802 0.9918625543316097 1.583875229441579 1.000000054773085 1.170771521592929 1.000006867228226 1.000000080304016 1.005695198088315 1 0.9997058120739948 1.000000021766736 0.999888338078977 1.000098975392036 1.000000227403292 1.355467707341172 0.987630995620032 1.00292244106256 1.000000000017177 0.9961378235825205 1 1.000000000141683 0.9999938075043855 1.265748322118626 0.9999999912606821 1.01218151804667 1.000000000000007
 6.053711054999848 4.270747200608565 1.557103749611348 1.007949339090901 6.346571900974249 0.9923695228815904 1.000000057368631 1.073430583073689 1 1.004662367466013 1.000005338691787 0.93011832226253 10.83294906889181 3.378084972138362 3.339118798191797 1.000000000135171 5.783100162715154 1.000042738524415 2.431937435818917 1.002151713292485 0.8837846293338051 1.582687136306868 1.292096121570509 1.000989229101119 0.992152329961221 1.545459221901695 1.000000003500486 1.163845523930398 1.000006612284378 1.00000002709363 1.005433751889186 1 0.9997192685018684 1.000000016252322 0.9998926372863739 1.000093511456936 1.000000000000001 1.336053012926283 0.9880608451108471 1.002810016583685 1.000000000015026 0.9962472762638389 1 1.000000000000089 0.9999941341333699 1.253186909708316 0.9999999999999999 1.011736485764566 1.000000000000006
 26.2504793554073 13.01981691163973 2.086089257892933 1.014813808580582 7.273492750877784 0.9884485672716022 1.000000131597119 1.124931521979609 1 1.008261262264558 1.000010892565712 0.8707440816016353 5.439738124260043 6.497856387829202 5.132302062739217 1.000000000245279 28.71477156746159 1.000087388533639 4.638724204129561 1.003809482875375 0.7872305833818224 1.917627406926562 1.538051955287256 1.001750702518188 0.9851555256696274 1.827562797381278 1.000000007133811 1.33529798314652 1.000011725467391 1.000000196382832 1.00982937507998 1 0.9996056812564293 1.000000038247104 0.9997965219042936 1.000228143629984 1.000000000000003 1.581311780397554 0.9765367341173762 1.005231165604984 1.000000000028703 0.9920782184061422 1 1.000000000000261 0.9999910713287479 1.481543998092306 0.9999999999999998 1.022894507809871 1.000000000000013
 10.54142407267722 6.609773953615185 1.767742683530743 1.010492858618018 8.95325242671408 0.9903796944937475 0.9999995785538962 1.095684619988129 1 1.006068270956653 1.000007168537413 0.9083621877324428 14.04127477358685 4.677537907863258 4.447177621937916 1.000000000256532 10.18848955523662 1.000057466861233 3.161233756804006 1.002799582003015 0.8483643364674197 1.773462844726914 1.391621128561349 1.001286874802212 0.9897018165232881 1.717448436168574 1.000001264139246 1.2225335153586 1.000008486249684 1.000000397285091 1.007221270284488 1 0.9996619684168042 1.000000052211621 0.9998575985592081 1.000140212430566 1.000004975551237 1.446483813502168 0.9840935270077066 1.003690536912889 1.000000001214626 0.9949347272319372 1.000000000000018 1.000000004960331 0.9999923451907553 1.34062166676709 0.9999998490932431 1.015624930449143 1.000000000000009
 6.585161693147378 4.583875181826935 1.594822128086424 1.008324925120495 7.282785931558074 0.99192191819344 0.9999999377327369 1.077620826450257 1 1.004887620231545 1.000005548583703 0.9271484571180567 13.14827577000577 3.629063363776899 3.614060454883028 1.000000000178052 6.234485715399953 1.000044429450762 2.544103390463164 1.002255514928842 0.8790781544644686 1.629670536130602 1.309839939230669 1.001036918078836 0.9918221840590423 1.58983783387044 1.000000054974205 1.171671382184726 1.0000069059134 1.000000081652914 1.005727258430185 1 0.9997034633078135 1.000000021994673 0.9998877726957043 1.000099158655097 1.00000023046703 1.358364811428144 0.9875757165708577 1.00293762606613 1.000000000017199 0.9961244730776068 1 1.00000000014286 0.9999937611414661 1.267538413549652 0.9999999911454011 1.012238253929368 1.000000000000007
 17.1731685539715 9.497102446839905 1.924726255063703 1.013748852449516 8.766758679227349 0.9895755118387677 1.00000013118836 1.111012915948727 1 1.007246177631651 1.000009986058312 0.8896469472215645 14.14690038426188 5.316028062173395 4.790965996945785 1.000000000214379 18.70705006961023 1.00008043380085 3.898485875346676 1.003342372038209 0.8174929450568834 1.817341100055079 1.465990171454751 1.001536241918666 0.9875555732195589 1.749193777032333 1.000000006526114 1.290832472861107 1.000010315173486 1.000000285196173 1.008934630609464 1 0.999654457458323 1.000000043481728 0.9998265987863864 1.000250770551629 1.000000000000021 1.503851918244449 0.9804787282968427 1.004555283161706 1.00000000002618 0.9937060791280673 1 1.000000000000649 0.9999919158789385 1.41009675888454 0.9999999999999987 1.020148827395092 1.000000000000012
 18.6479226987189 10.09361983873879 1.952383641428133 1.014288948266176 8.62884068697935 0.9894457246952203 1.000000139110117 1.113623108846595 1 1.007445308065585 1.000010455218588 0.8864583936154592 13.5788547014348 5.429388895614098 4.844688512297934 1.000000000220715 20.71191966399346 1.000084265026511 4.038851172862722 1.003434099870973 0.8122758635489785 1.823807864013615 1.478876219691738 1.001578376181809 0.9871980493534116 1.753459064956366 1.000000006830426 1.302671117571142 1.000010601630271 1.000000324455427 1.009239212377045 1 0.9996553094199893 1.00000004706986 0.9998212071982565 1.000270815237898 1.000000000000028 1.513574113075286 0.9798547108057262 1.004698536993644 1.00000000002724 0.9934973091051699 1 1.000000000000766 0.9999918058773748 1.422225211585488 0.9999999999999982 1.020905619511317 1.000000000000013
 18.90512254965959 10.19839906941174 1.957941314825198 1.014335411170101 8.619907100532714 0.9894046972393189 1.000000139672015 1.114129643701429 1 1.007477474900147 1.000010489793059 0.8858357517504156 13.37620066835185 5.467898134971986 4.862799711242559 1.000000000221727 21.01095177609317 1.000084536549683 4.062244894870299 1.003448905068847 0.8112780766824416 1.827857044862458 1.481359078688598 1.001585174205483 0.9871202219490667 1.756839482708863 1.000000006853327 1.304227551801257 1.000010650385019 1.000000322438183 1.009273124541528 1 0.9996536801103379 1.000000046982487 0.999820207888192 1.000270507711582 1.000000000000027 1.516307473396832 0.9797250856820214 1.004720270779147 1.000000000027334 0.9934464455054466 1 1.000000000000752 0.9999917747906985 1.424607588625446 0.9999999999999983 1.02100460389256 1.000000000000013
 33.02504638244633 15.56225476742367 2.19492644443808 1.015943408906184 7.910585859092241 0.98771538550614 0.9999995890410618 1.134564085932593 1 1.008825689022283 1.000011730312314 0.8618554733807692 5.380521823664078 7.351883308523525 5.660494952860644 1.00000000030049 36.61431169806612 1.000094136005668 5.157456924698479 1.004069167968634 0.7732811063989612 1.996872402058609 1.584894605328416 1.00186991956767 0.9841219473719905 1.89611350984665 1.000000831503792 1.363886175412943 1.00001240234409 1.000000404361253 1.010718009107494 1 0.9995891454858369 1.000000059312661 0.9997814026126153 1.000263416468327 1.000002455086382 1.630742506227152 0.9748471482672875 1.005607360065033 1.000000000213951 0.9915294840679192 1.000000000000002 1.00000000314643 0.9999903063505707 1.522925433581747 0.9999998547471561 1.024600057038542 1.000000000000015
